        80
        -1         -1          0          1
        -1         -1          1          2
        -1         -1          2          3
        -1         -1          3          4
        -1         -1          4          5
        -1         -1          5          6
        -1         -1          6          7
        -1         -1          7          0
         0          8          9          1
         1          9         10          2
         2         10         11          3
         3         11         12          4
         4         12         13          5
         5         13         14          6
         6         14         15          7
         7         15          8          0
         8         16         17          9
         9         17         18         10
        10         18         19         11
        11         19         20         12
        12         20         21         13
        13         21         22         14
        14         22         23         15
        15         23         16          8
        16         24         25         17
        17         25         26         18
        18         26         27         19
        19         27         28         20
        20         28         29         21
        21         29         30         22
        22         30         31         23
        23         31         24         16
        24         32         33         25
        25         33         34         26
        26         34         35         27
        27         35         36         28
        28         36         37         29
        29         37         38         30
        30         38         39         31
        31         39         32         24
        32         40         41         33
        33         41         42         34
        34         42         43         35
        35         43         44         36
        36         44         45         37
        37         45         46         38
        38         46         47         39
        39         47         40         32
        40         48         49         41
        41         49         50         42
        42         50         51         43
        43         51         52         44
        44         52         53         45
        45         53         54         46
        46         54         55         47
        47         55         48         40
        48         56         57         49
        49         57         58         50
        50         58         59         51
        51         59         60         52
        52         60         61         53
        53         61         62         54
        54         62         63         55
        55         63         56         48
        56         64         65         57
        57         65         66         58
        58         66         67         59
        59         67         68         60
        60         68         69         61
        61         69         70         62
        62         70         71         63
        63         71         64         56
        -2         -2         64         65
        -2         -2         65         66
        -2         -2         66         67
        -2         -2         67         68
        -2         -2         68         69
        -2         -2         69         70
        -2         -2         70         71
        -2         -2         71         64
