      1088
        -1         -1          0          1
        -1         -1          1          2
        -1         -1          2          3
        -1         -1          3          4
        -1         -1          4          5
        -1         -1          5          6
        -1         -1          6          7
        -1         -1          7          8
        -1         -1          8          9
        -1         -1          9         10
        -1         -1         10         11
        -1         -1         11         12
        -1         -1         12         13
        -1         -1         13         14
        -1         -1         14         15
        -1         -1         15         16
        -1         -1         16         17
        -1         -1         17         18
        -1         -1         18         19
        -1         -1         19         20
        -1         -1         20         21
        -1         -1         21         22
        -1         -1         22         23
        -1         -1         23         24
        -1         -1         24         25
        -1         -1         25         26
        -1         -1         26         27
        -1         -1         27         28
        -1         -1         28         29
        -1         -1         29         30
        -1         -1         30         31
        -1         -1         31          0
         0         32         33          1
         1         33         34          2
         2         34         35          3
         3         35         36          4
         4         36         37          5
         5         37         38          6
         6         38         39          7
         7         39         40          8
         8         40         41          9
         9         41         42         10
        10         42         43         11
        11         43         44         12
        12         44         45         13
        13         45         46         14
        14         46         47         15
        15         47         48         16
        16         48         49         17
        17         49         50         18
        18         50         51         19
        19         51         52         20
        20         52         53         21
        21         53         54         22
        22         54         55         23
        23         55         56         24
        24         56         57         25
        25         57         58         26
        26         58         59         27
        27         59         60         28
        28         60         61         29
        29         61         62         30
        30         62         63         31
        31         63         32          0
        32         64         65         33
        33         65         66         34
        34         66         67         35
        35         67         68         36
        36         68         69         37
        37         69         70         38
        38         70         71         39
        39         71         72         40
        40         72         73         41
        41         73         74         42
        42         74         75         43
        43         75         76         44
        44         76         77         45
        45         77         78         46
        46         78         79         47
        47         79         80         48
        48         80         81         49
        49         81         82         50
        50         82         83         51
        51         83         84         52
        52         84         85         53
        53         85         86         54
        54         86         87         55
        55         87         88         56
        56         88         89         57
        57         89         90         58
        58         90         91         59
        59         91         92         60
        60         92         93         61
        61         93         94         62
        62         94         95         63
        63         95         64         32
        64         96         97         65
        65         97         98         66
        66         98         99         67
        67         99        100         68
        68        100        101         69
        69        101        102         70
        70        102        103         71
        71        103        104         72
        72        104        105         73
        73        105        106         74
        74        106        107         75
        75        107        108         76
        76        108        109         77
        77        109        110         78
        78        110        111         79
        79        111        112         80
        80        112        113         81
        81        113        114         82
        82        114        115         83
        83        115        116         84
        84        116        117         85
        85        117        118         86
        86        118        119         87
        87        119        120         88
        88        120        121         89
        89        121        122         90
        90        122        123         91
        91        123        124         92
        92        124        125         93
        93        125        126         94
        94        126        127         95
        95        127         96         64
        96        128        129         97
        97        129        130         98
        98        130        131         99
        99        131        132        100
       100        132        133        101
       101        133        134        102
       102        134        135        103
       103        135        136        104
       104        136        137        105
       105        137        138        106
       106        138        139        107
       107        139        140        108
       108        140        141        109
       109        141        142        110
       110        142        143        111
       111        143        144        112
       112        144        145        113
       113        145        146        114
       114        146        147        115
       115        147        148        116
       116        148        149        117
       117        149        150        118
       118        150        151        119
       119        151        152        120
       120        152        153        121
       121        153        154        122
       122        154        155        123
       123        155        156        124
       124        156        157        125
       125        157        158        126
       126        158        159        127
       127        159        128         96
       128        160        161        129
       129        161        162        130
       130        162        163        131
       131        163        164        132
       132        164        165        133
       133        165        166        134
       134        166        167        135
       135        167        168        136
       136        168        169        137
       137        169        170        138
       138        170        171        139
       139        171        172        140
       140        172        173        141
       141        173        174        142
       142        174        175        143
       143        175        176        144
       144        176        177        145
       145        177        178        146
       146        178        179        147
       147        179        180        148
       148        180        181        149
       149        181        182        150
       150        182        183        151
       151        183        184        152
       152        184        185        153
       153        185        186        154
       154        186        187        155
       155        187        188        156
       156        188        189        157
       157        189        190        158
       158        190        191        159
       159        191        160        128
       160        192        193        161
       161        193        194        162
       162        194        195        163
       163        195        196        164
       164        196        197        165
       165        197        198        166
       166        198        199        167
       167        199        200        168
       168        200        201        169
       169        201        202        170
       170        202        203        171
       171        203        204        172
       172        204        205        173
       173        205        206        174
       174        206        207        175
       175        207        208        176
       176        208        209        177
       177        209        210        178
       178        210        211        179
       179        211        212        180
       180        212        213        181
       181        213        214        182
       182        214        215        183
       183        215        216        184
       184        216        217        185
       185        217        218        186
       186        218        219        187
       187        219        220        188
       188        220        221        189
       189        221        222        190
       190        222        223        191
       191        223        192        160
       192        224        225        193
       193        225        226        194
       194        226        227        195
       195        227        228        196
       196        228        229        197
       197        229        230        198
       198        230        231        199
       199        231        232        200
       200        232        233        201
       201        233        234        202
       202        234        235        203
       203        235        236        204
       204        236        237        205
       205        237        238        206
       206        238        239        207
       207        239        240        208
       208        240        241        209
       209        241        242        210
       210        242        243        211
       211        243        244        212
       212        244        245        213
       213        245        246        214
       214        246        247        215
       215        247        248        216
       216        248        249        217
       217        249        250        218
       218        250        251        219
       219        251        252        220
       220        252        253        221
       221        253        254        222
       222        254        255        223
       223        255        224        192
       224        256        257        225
       225        257        258        226
       226        258        259        227
       227        259        260        228
       228        260        261        229
       229        261        262        230
       230        262        263        231
       231        263        264        232
       232        264        265        233
       233        265        266        234
       234        266        267        235
       235        267        268        236
       236        268        269        237
       237        269        270        238
       238        270        271        239
       239        271        272        240
       240        272        273        241
       241        273        274        242
       242        274        275        243
       243        275        276        244
       244        276        277        245
       245        277        278        246
       246        278        279        247
       247        279        280        248
       248        280        281        249
       249        281        282        250
       250        282        283        251
       251        283        284        252
       252        284        285        253
       253        285        286        254
       254        286        287        255
       255        287        256        224
       256        288        289        257
       257        289        290        258
       258        290        291        259
       259        291        292        260
       260        292        293        261
       261        293        294        262
       262        294        295        263
       263        295        296        264
       264        296        297        265
       265        297        298        266
       266        298        299        267
       267        299        300        268
       268        300        301        269
       269        301        302        270
       270        302        303        271
       271        303        304        272
       272        304        305        273
       273        305        306        274
       274        306        307        275
       275        307        308        276
       276        308        309        277
       277        309        310        278
       278        310        311        279
       279        311        312        280
       280        312        313        281
       281        313        314        282
       282        314        315        283
       283        315        316        284
       284        316        317        285
       285        317        318        286
       286        318        319        287
       287        319        288        256
       288        320        321        289
       289        321        322        290
       290        322        323        291
       291        323        324        292
       292        324        325        293
       293        325        326        294
       294        326        327        295
       295        327        328        296
       296        328        329        297
       297        329        330        298
       298        330        331        299
       299        331        332        300
       300        332        333        301
       301        333        334        302
       302        334        335        303
       303        335        336        304
       304        336        337        305
       305        337        338        306
       306        338        339        307
       307        339        340        308
       308        340        341        309
       309        341        342        310
       310        342        343        311
       311        343        344        312
       312        344        345        313
       313        345        346        314
       314        346        347        315
       315        347        348        316
       316        348        349        317
       317        349        350        318
       318        350        351        319
       319        351        320        288
       320        352        353        321
       321        353        354        322
       322        354        355        323
       323        355        356        324
       324        356        357        325
       325        357        358        326
       326        358        359        327
       327        359        360        328
       328        360        361        329
       329        361        362        330
       330        362        363        331
       331        363        364        332
       332        364        365        333
       333        365        366        334
       334        366        367        335
       335        367        368        336
       336        368        369        337
       337        369        370        338
       338        370        371        339
       339        371        372        340
       340        372        373        341
       341        373        374        342
       342        374        375        343
       343        375        376        344
       344        376        377        345
       345        377        378        346
       346        378        379        347
       347        379        380        348
       348        380        381        349
       349        381        382        350
       350        382        383        351
       351        383        352        320
       352        384        385        353
       353        385        386        354
       354        386        387        355
       355        387        388        356
       356        388        389        357
       357        389        390        358
       358        390        391        359
       359        391        392        360
       360        392        393        361
       361        393        394        362
       362        394        395        363
       363        395        396        364
       364        396        397        365
       365        397        398        366
       366        398        399        367
       367        399        400        368
       368        400        401        369
       369        401        402        370
       370        402        403        371
       371        403        404        372
       372        404        405        373
       373        405        406        374
       374        406        407        375
       375        407        408        376
       376        408        409        377
       377        409        410        378
       378        410        411        379
       379        411        412        380
       380        412        413        381
       381        413        414        382
       382        414        415        383
       383        415        384        352
       384        416        417        385
       385        417        418        386
       386        418        419        387
       387        419        420        388
       388        420        421        389
       389        421        422        390
       390        422        423        391
       391        423        424        392
       392        424        425        393
       393        425        426        394
       394        426        427        395
       395        427        428        396
       396        428        429        397
       397        429        430        398
       398        430        431        399
       399        431        432        400
       400        432        433        401
       401        433        434        402
       402        434        435        403
       403        435        436        404
       404        436        437        405
       405        437        438        406
       406        438        439        407
       407        439        440        408
       408        440        441        409
       409        441        442        410
       410        442        443        411
       411        443        444        412
       412        444        445        413
       413        445        446        414
       414        446        447        415
       415        447        416        384
       416        448        449        417
       417        449        450        418
       418        450        451        419
       419        451        452        420
       420        452        453        421
       421        453        454        422
       422        454        455        423
       423        455        456        424
       424        456        457        425
       425        457        458        426
       426        458        459        427
       427        459        460        428
       428        460        461        429
       429        461        462        430
       430        462        463        431
       431        463        464        432
       432        464        465        433
       433        465        466        434
       434        466        467        435
       435        467        468        436
       436        468        469        437
       437        469        470        438
       438        470        471        439
       439        471        472        440
       440        472        473        441
       441        473        474        442
       442        474        475        443
       443        475        476        444
       444        476        477        445
       445        477        478        446
       446        478        479        447
       447        479        448        416
       448        480        481        449
       449        481        482        450
       450        482        483        451
       451        483        484        452
       452        484        485        453
       453        485        486        454
       454        486        487        455
       455        487        488        456
       456        488        489        457
       457        489        490        458
       458        490        491        459
       459        491        492        460
       460        492        493        461
       461        493        494        462
       462        494        495        463
       463        495        496        464
       464        496        497        465
       465        497        498        466
       466        498        499        467
       467        499        500        468
       468        500        501        469
       469        501        502        470
       470        502        503        471
       471        503        504        472
       472        504        505        473
       473        505        506        474
       474        506        507        475
       475        507        508        476
       476        508        509        477
       477        509        510        478
       478        510        511        479
       479        511        480        448
       480        512        513        481
       481        513        514        482
       482        514        515        483
       483        515        516        484
       484        516        517        485
       485        517        518        486
       486        518        519        487
       487        519        520        488
       488        520        521        489
       489        521        522        490
       490        522        523        491
       491        523        524        492
       492        524        525        493
       493        525        526        494
       494        526        527        495
       495        527        528        496
       496        528        529        497
       497        529        530        498
       498        530        531        499
       499        531        532        500
       500        532        533        501
       501        533        534        502
       502        534        535        503
       503        535        536        504
       504        536        537        505
       505        537        538        506
       506        538        539        507
       507        539        540        508
       508        540        541        509
       509        541        542        510
       510        542        543        511
       511        543        512        480
       512        544        545        513
       513        545        546        514
       514        546        547        515
       515        547        548        516
       516        548        549        517
       517        549        550        518
       518        550        551        519
       519        551        552        520
       520        552        553        521
       521        553        554        522
       522        554        555        523
       523        555        556        524
       524        556        557        525
       525        557        558        526
       526        558        559        527
       527        559        560        528
       528        560        561        529
       529        561        562        530
       530        562        563        531
       531        563        564        532
       532        564        565        533
       533        565        566        534
       534        566        567        535
       535        567        568        536
       536        568        569        537
       537        569        570        538
       538        570        571        539
       539        571        572        540
       540        572        573        541
       541        573        574        542
       542        574        575        543
       543        575        544        512
       544        576        577        545
       545        577        578        546
       546        578        579        547
       547        579        580        548
       548        580        581        549
       549        581        582        550
       550        582        583        551
       551        583        584        552
       552        584        585        553
       553        585        586        554
       554        586        587        555
       555        587        588        556
       556        588        589        557
       557        589        590        558
       558        590        591        559
       559        591        592        560
       560        592        593        561
       561        593        594        562
       562        594        595        563
       563        595        596        564
       564        596        597        565
       565        597        598        566
       566        598        599        567
       567        599        600        568
       568        600        601        569
       569        601        602        570
       570        602        603        571
       571        603        604        572
       572        604        605        573
       573        605        606        574
       574        606        607        575
       575        607        576        544
       576        608        609        577
       577        609        610        578
       578        610        611        579
       579        611        612        580
       580        612        613        581
       581        613        614        582
       582        614        615        583
       583        615        616        584
       584        616        617        585
       585        617        618        586
       586        618        619        587
       587        619        620        588
       588        620        621        589
       589        621        622        590
       590        622        623        591
       591        623        624        592
       592        624        625        593
       593        625        626        594
       594        626        627        595
       595        627        628        596
       596        628        629        597
       597        629        630        598
       598        630        631        599
       599        631        632        600
       600        632        633        601
       601        633        634        602
       602        634        635        603
       603        635        636        604
       604        636        637        605
       605        637        638        606
       606        638        639        607
       607        639        608        576
       608        640        641        609
       609        641        642        610
       610        642        643        611
       611        643        644        612
       612        644        645        613
       613        645        646        614
       614        646        647        615
       615        647        648        616
       616        648        649        617
       617        649        650        618
       618        650        651        619
       619        651        652        620
       620        652        653        621
       621        653        654        622
       622        654        655        623
       623        655        656        624
       624        656        657        625
       625        657        658        626
       626        658        659        627
       627        659        660        628
       628        660        661        629
       629        661        662        630
       630        662        663        631
       631        663        664        632
       632        664        665        633
       633        665        666        634
       634        666        667        635
       635        667        668        636
       636        668        669        637
       637        669        670        638
       638        670        671        639
       639        671        640        608
       640        672        673        641
       641        673        674        642
       642        674        675        643
       643        675        676        644
       644        676        677        645
       645        677        678        646
       646        678        679        647
       647        679        680        648
       648        680        681        649
       649        681        682        650
       650        682        683        651
       651        683        684        652
       652        684        685        653
       653        685        686        654
       654        686        687        655
       655        687        688        656
       656        688        689        657
       657        689        690        658
       658        690        691        659
       659        691        692        660
       660        692        693        661
       661        693        694        662
       662        694        695        663
       663        695        696        664
       664        696        697        665
       665        697        698        666
       666        698        699        667
       667        699        700        668
       668        700        701        669
       669        701        702        670
       670        702        703        671
       671        703        672        640
       672        704        705        673
       673        705        706        674
       674        706        707        675
       675        707        708        676
       676        708        709        677
       677        709        710        678
       678        710        711        679
       679        711        712        680
       680        712        713        681
       681        713        714        682
       682        714        715        683
       683        715        716        684
       684        716        717        685
       685        717        718        686
       686        718        719        687
       687        719        720        688
       688        720        721        689
       689        721        722        690
       690        722        723        691
       691        723        724        692
       692        724        725        693
       693        725        726        694
       694        726        727        695
       695        727        728        696
       696        728        729        697
       697        729        730        698
       698        730        731        699
       699        731        732        700
       700        732        733        701
       701        733        734        702
       702        734        735        703
       703        735        704        672
       704        736        737        705
       705        737        738        706
       706        738        739        707
       707        739        740        708
       708        740        741        709
       709        741        742        710
       710        742        743        711
       711        743        744        712
       712        744        745        713
       713        745        746        714
       714        746        747        715
       715        747        748        716
       716        748        749        717
       717        749        750        718
       718        750        751        719
       719        751        752        720
       720        752        753        721
       721        753        754        722
       722        754        755        723
       723        755        756        724
       724        756        757        725
       725        757        758        726
       726        758        759        727
       727        759        760        728
       728        760        761        729
       729        761        762        730
       730        762        763        731
       731        763        764        732
       732        764        765        733
       733        765        766        734
       734        766        767        735
       735        767        736        704
       736        768        769        737
       737        769        770        738
       738        770        771        739
       739        771        772        740
       740        772        773        741
       741        773        774        742
       742        774        775        743
       743        775        776        744
       744        776        777        745
       745        777        778        746
       746        778        779        747
       747        779        780        748
       748        780        781        749
       749        781        782        750
       750        782        783        751
       751        783        784        752
       752        784        785        753
       753        785        786        754
       754        786        787        755
       755        787        788        756
       756        788        789        757
       757        789        790        758
       758        790        791        759
       759        791        792        760
       760        792        793        761
       761        793        794        762
       762        794        795        763
       763        795        796        764
       764        796        797        765
       765        797        798        766
       766        798        799        767
       767        799        768        736
       768        800        801        769
       769        801        802        770
       770        802        803        771
       771        803        804        772
       772        804        805        773
       773        805        806        774
       774        806        807        775
       775        807        808        776
       776        808        809        777
       777        809        810        778
       778        810        811        779
       779        811        812        780
       780        812        813        781
       781        813        814        782
       782        814        815        783
       783        815        816        784
       784        816        817        785
       785        817        818        786
       786        818        819        787
       787        819        820        788
       788        820        821        789
       789        821        822        790
       790        822        823        791
       791        823        824        792
       792        824        825        793
       793        825        826        794
       794        826        827        795
       795        827        828        796
       796        828        829        797
       797        829        830        798
       798        830        831        799
       799        831        800        768
       800        832        833        801
       801        833        834        802
       802        834        835        803
       803        835        836        804
       804        836        837        805
       805        837        838        806
       806        838        839        807
       807        839        840        808
       808        840        841        809
       809        841        842        810
       810        842        843        811
       811        843        844        812
       812        844        845        813
       813        845        846        814
       814        846        847        815
       815        847        848        816
       816        848        849        817
       817        849        850        818
       818        850        851        819
       819        851        852        820
       820        852        853        821
       821        853        854        822
       822        854        855        823
       823        855        856        824
       824        856        857        825
       825        857        858        826
       826        858        859        827
       827        859        860        828
       828        860        861        829
       829        861        862        830
       830        862        863        831
       831        863        832        800
       832        864        865        833
       833        865        866        834
       834        866        867        835
       835        867        868        836
       836        868        869        837
       837        869        870        838
       838        870        871        839
       839        871        872        840
       840        872        873        841
       841        873        874        842
       842        874        875        843
       843        875        876        844
       844        876        877        845
       845        877        878        846
       846        878        879        847
       847        879        880        848
       848        880        881        849
       849        881        882        850
       850        882        883        851
       851        883        884        852
       852        884        885        853
       853        885        886        854
       854        886        887        855
       855        887        888        856
       856        888        889        857
       857        889        890        858
       858        890        891        859
       859        891        892        860
       860        892        893        861
       861        893        894        862
       862        894        895        863
       863        895        864        832
       864        896        897        865
       865        897        898        866
       866        898        899        867
       867        899        900        868
       868        900        901        869
       869        901        902        870
       870        902        903        871
       871        903        904        872
       872        904        905        873
       873        905        906        874
       874        906        907        875
       875        907        908        876
       876        908        909        877
       877        909        910        878
       878        910        911        879
       879        911        912        880
       880        912        913        881
       881        913        914        882
       882        914        915        883
       883        915        916        884
       884        916        917        885
       885        917        918        886
       886        918        919        887
       887        919        920        888
       888        920        921        889
       889        921        922        890
       890        922        923        891
       891        923        924        892
       892        924        925        893
       893        925        926        894
       894        926        927        895
       895        927        896        864
       896        928        929        897
       897        929        930        898
       898        930        931        899
       899        931        932        900
       900        932        933        901
       901        933        934        902
       902        934        935        903
       903        935        936        904
       904        936        937        905
       905        937        938        906
       906        938        939        907
       907        939        940        908
       908        940        941        909
       909        941        942        910
       910        942        943        911
       911        943        944        912
       912        944        945        913
       913        945        946        914
       914        946        947        915
       915        947        948        916
       916        948        949        917
       917        949        950        918
       918        950        951        919
       919        951        952        920
       920        952        953        921
       921        953        954        922
       922        954        955        923
       923        955        956        924
       924        956        957        925
       925        957        958        926
       926        958        959        927
       927        959        928        896
       928        960        961        929
       929        961        962        930
       930        962        963        931
       931        963        964        932
       932        964        965        933
       933        965        966        934
       934        966        967        935
       935        967        968        936
       936        968        969        937
       937        969        970        938
       938        970        971        939
       939        971        972        940
       940        972        973        941
       941        973        974        942
       942        974        975        943
       943        975        976        944
       944        976        977        945
       945        977        978        946
       946        978        979        947
       947        979        980        948
       948        980        981        949
       949        981        982        950
       950        982        983        951
       951        983        984        952
       952        984        985        953
       953        985        986        954
       954        986        987        955
       955        987        988        956
       956        988        989        957
       957        989        990        958
       958        990        991        959
       959        991        960        928
       960        992        993        961
       961        993        994        962
       962        994        995        963
       963        995        996        964
       964        996        997        965
       965        997        998        966
       966        998        999        967
       967        999       1000        968
       968       1000       1001        969
       969       1001       1002        970
       970       1002       1003        971
       971       1003       1004        972
       972       1004       1005        973
       973       1005       1006        974
       974       1006       1007        975
       975       1007       1008        976
       976       1008       1009        977
       977       1009       1010        978
       978       1010       1011        979
       979       1011       1012        980
       980       1012       1013        981
       981       1013       1014        982
       982       1014       1015        983
       983       1015       1016        984
       984       1016       1017        985
       985       1017       1018        986
       986       1018       1019        987
       987       1019       1020        988
       988       1020       1021        989
       989       1021       1022        990
       990       1022       1023        991
       991       1023        992        960
       992       1024       1025        993
       993       1025       1026        994
       994       1026       1027        995
       995       1027       1028        996
       996       1028       1029        997
       997       1029       1030        998
       998       1030       1031        999
       999       1031       1032       1000
      1000       1032       1033       1001
      1001       1033       1034       1002
      1002       1034       1035       1003
      1003       1035       1036       1004
      1004       1036       1037       1005
      1005       1037       1038       1006
      1006       1038       1039       1007
      1007       1039       1040       1008
      1008       1040       1041       1009
      1009       1041       1042       1010
      1010       1042       1043       1011
      1011       1043       1044       1012
      1012       1044       1045       1013
      1013       1045       1046       1014
      1014       1046       1047       1015
      1015       1047       1048       1016
      1016       1048       1049       1017
      1017       1049       1050       1018
      1018       1050       1051       1019
      1019       1051       1052       1020
      1020       1052       1053       1021
      1021       1053       1054       1022
      1022       1054       1055       1023
      1023       1055       1024        992
        -2         -2       1024       1025
        -2         -2       1025       1026
        -2         -2       1026       1027
        -2         -2       1027       1028
        -2         -2       1028       1029
        -2         -2       1029       1030
        -2         -2       1030       1031
        -2         -2       1031       1032
        -2         -2       1032       1033
        -2         -2       1033       1034
        -2         -2       1034       1035
        -2         -2       1035       1036
        -2         -2       1036       1037
        -2         -2       1037       1038
        -2         -2       1038       1039
        -2         -2       1039       1040
        -2         -2       1040       1041
        -2         -2       1041       1042
        -2         -2       1042       1043
        -2         -2       1043       1044
        -2         -2       1044       1045
        -2         -2       1045       1046
        -2         -2       1046       1047
        -2         -2       1047       1048
        -2         -2       1048       1049
        -2         -2       1049       1050
        -2         -2       1050       1051
        -2         -2       1051       1052
        -2         -2       1052       1053
        -2         -2       1053       1054
        -2         -2       1054       1055
        -2         -2       1055       1024
