      1056
         0    1.0089304115000000    0.0000000000000000
         1    0.9954169778212457   -0.0019012247761927
         2    0.9590516129167541   -0.0068638356105891
         3    0.9036366209537534   -0.0140233991613629
         4    0.8328789375014886   -0.0225172363763241
         5    0.7506050814899632   -0.0315400452796712
         6    0.6606098371004008   -0.0403610397207446
         7    0.5665008797274105   -0.0482896787546618
         8    0.4716038756125589   -0.0546414765111291
         9    0.3789394730587767   -0.0587450613903370
        10    0.2912538673423934   -0.0600004515283734
        11    0.2110706574608579   -0.0579696100310157
        12    0.1407339811708816   -0.0524621884352772
        13    0.0824282710902277   -0.0435723655930408
        14    0.0381840831490016   -0.0316249542643716
        15    0.0099346842417907   -0.0169840111638479
        16    0.0000000000000000    0.0000000000000000
        17    0.0099346842417907    0.0169840111638479
        18    0.0381840831490016    0.0316249542643716
        19    0.0824282710902277    0.0435723655930408
        20    0.1407339811708816    0.0524621884352772
        21    0.2110706574608579    0.0579696100310157
        22    0.2912538673423934    0.0600004515283734
        23    0.3789394730587767    0.0587450613903370
        24    0.4716038756125589    0.0546414765111291
        25    0.5665008797274105    0.0482896787546618
        26    0.6606098371004008    0.0403610397207446
        27    0.7506050814899632    0.0315400452796712
        28    0.8328789375014886    0.0225172363763241
        29    0.9036366209537534    0.0140233991613629
        30    0.9590516129167541    0.0068638356105891
        31    0.9954169778212457    0.0019012247761927
        32    1.0221293496616979    0.0000000000000000
        33    1.0101883095085666   -0.0257012246758455
        34    0.9756621157150531   -0.0513847919263990
        35    0.9213159115663139   -0.0762139370389338
        36    0.8504975711582647   -0.0990854796518162
        37    0.7668795610023766   -0.1189769938140520
        38    0.6742502949676525   -0.1350303641557387
        39    0.5763383813224618   -0.1465318855905245
        40    0.4767003849866822   -0.1528738158761078
        41    0.3786753149930442   -0.1535477346042530
        42    0.2853850940690246   -0.1481853803757692
        43    0.1997496545381919   -0.1366323791332398
        44    0.1244889672023733   -0.1190203767764461
        45    0.0620989805242362   -0.0957947882989194
        46    0.0148100090489596   -0.0676588592733074
        47   -0.0153952000463717   -0.0354074151716022
        48   -0.0260421728901857    0.0000000000000000
        49   -0.0153952000463717    0.0354074151716022
        50    0.0148100090489596    0.0676588592733074
        51    0.0620989805242362    0.0957947882989194
        52    0.1244889672023733    0.1190203767764461
        53    0.1997496545381919    0.1366323791332398
        54    0.2853850940690246    0.1481853803757692
        55    0.3786753149930442    0.1535477346042530
        56    0.4767003849866822    0.1528738158761078
        57    0.5763383813224618    0.1465318855905245
        58    0.6742502949676525    0.1350303641557387
        59    0.7668795610023766    0.1189769938140520
        60    0.8504975711582647    0.0990854796518162
        61    0.9213159115663139    0.0762139370389338
        62    0.9756621157150531    0.0513847919263990
        63    1.0101883095085666    0.0257012246758455
        64    1.0588759534433878    0.0000000000000000
        65    1.0468378424302114   -0.0486319560562446
        66    1.0115705874408043   -0.0956174490835180
        67    0.9552784164951221   -0.1392417893319287
        68    0.8810523006064528   -0.1778473363336219
        69    0.7925203681989067   -0.2100038656719133
        70    0.6935771457178235   -0.2345742635185886
        71    0.5881778187079558   -0.2506961623947984
        72    0.4802043771168878   -0.2577406629182385
        73    0.3733966361522753   -0.2552960717165718
        74    0.2713236010383507   -0.2431946801942940
        75    0.1773636502706581   -0.2215713627243527
        76    0.0946674831957666   -0.1909225743438223
        77    0.0260929954282693   -0.1521262027063105
        78   -0.0258753839823603   -0.1063891996766265
        79   -0.0591158919794965   -0.0551120568484824
        80   -0.0708705276150990    0.0000000000000000
        81   -0.0591158919794965    0.0551120568484824
        82   -0.0258753839823603    0.1063891996766265
        83    0.0260929954282693    0.1521262027063105
        84    0.0946674831957666    0.1909225743438223
        85    0.1773636502706581    0.2215713627243527
        86    0.2713236010383507    0.2431946801942940
        87    0.3733966361522753    0.2552960717165718
        88    0.4802043771168878    0.2577406629182385
        89    0.5881778187079558    0.2506961623947984
        90    0.6935771457178235    0.2345742635185886
        91    0.7925203681989067    0.2100038656719133
        92    0.8810523006064528    0.1778473363336219
        93    0.9552784164951221    0.1392417893319287
        94    1.0115705874408043    0.0956174490835180
        95    1.0468378424302114    0.0486319560562446
        96    1.1189944510634502    0.0000000000000000
        97    1.1060874530741120   -0.0725414449930737
        98    1.0681206562752785   -0.1422051108739760
        99    1.0071488949421432   -0.2062808549715889
       100    0.9262264235140698   -0.2623523072337594
       101    0.8290952071816666   -0.3084108202219792
       102    0.7198988771406633   -0.3428999454792149
       103    0.6029552017865542   -0.3646942366393695
       104    0.4825999442987724   -0.3730564525672894
       105    0.3630927012155120   -0.3676152225700497
       106    0.2485583024015338   -0.3483811330216988
       107    0.1429323517238036   -0.3157921670535519
       108    0.0498866214108027   -0.2707598131800659
       109   -0.0272733433964105   -0.2146793997424374
       110   -0.0857193410597670   -0.1493754452483750
       111   -0.1230881602463310   -0.0769740817517895
       112   -0.1363030826134211    0.0000000000000000
       113   -0.1230881602463310    0.0769740817517895
       114   -0.0857193410597670    0.1493754452483750
       115   -0.0272733433964105    0.2146793997424374
       116    0.0498866214108027    0.2707598131800659
       117    0.1429323517238036    0.3157921670535519
       118    0.2485583024015338    0.3483811330216988
       119    0.3630927012155120    0.3676152225700497
       120    0.4825999442987724    0.3730564525672894
       121    0.6029552017865542    0.3646942366393695
       122    0.7198988771406633    0.3428999454792149
       123    0.8290952071816666    0.3084108202219792
       124    0.9262264235140698    0.2623523072337594
       125    1.0071488949421432    0.2062808549715889
       126    1.0681206562752785    0.1422051108739760
       127    1.1060874530741120    0.0725414449930737
       128    1.2041604527181402    0.0000000000000000
       129    1.1897698151239613   -0.0987607717977647
       130    1.1473625341176523   -0.1934858008461327
       131    1.0790495887285481   -0.2804145438134508
       132    0.9880434221038331   -0.3562392389999535
       133    0.8783743267590540   -0.4182290657642598
       134    0.7546018621853097   -0.4642785947337376
       135    0.6215705799707237   -0.4928921503875389
       136    0.4842307403641732   -0.5031444194023685
       137    0.3475162238588593   -0.4946562868325214
       138    0.2162534001893215   -0.4676035254163797
       139    0.0950704315601800   -0.4227506855956953
       140   -0.0117151811615939   -0.3614835965374488
       141   -0.1002349988552568   -0.2858062219655525
       142   -0.1672090758298151   -0.1982742637797485
       143   -0.2099378242273835   -0.1018566458466915
       144   -0.2250108947752850    0.0000000000000000
       145   -0.2099378242273835    0.1018566458466915
       146   -0.1672090758298151    0.1982742637797485
       147   -0.1002349988552568    0.2858062219655525
       148   -0.0117151811615939    0.3614835965374488
       149    0.0950704315601800    0.4227506855956953
       150    0.2162534001893215    0.4676035254163797
       151    0.3475162238588593    0.4946562868325214
       152    0.4842307403641732    0.5031444194023685
       153    0.6215705799707237    0.4928921503875389
       154    0.7546018621853097    0.4642785947337376
       155    0.8783743267590540    0.4182290657642598
       156    0.9880434221038331    0.3562392389999535
       157    1.0790495887285481    0.2804145438134508
       158    1.1473625341176523    0.1934858008461327
       159    1.1897698151239613    0.0987607717977647
       160    1.3173285365279035    0.0000000000000000
       161    1.3008505028474571   -0.1285013507849931
       162    1.2522411434260357   -0.2517452333258622
       163    1.1737939884094244   -0.3648206517249765
       164    1.0690414369543149   -0.4633961089503102
       165    0.9424783639095826   -0.5438784526855087
       166    0.7992655209551368   -0.6034845206385637
       167    0.6449657282318531   -0.6402422865119152
       168    0.4853374719160379   -0.6529618825655837
       169    0.3261800907626830   -0.6412145316229227
       170    0.1732054832997773   -0.6053370458972369
       171    0.0319073264729429   -0.5464553016220755
       172   -0.0925920736084196   -0.4665016537635405
       173   -0.1957182517486868   -0.3681935411844278
       174   -0.2736149479419601   -0.2549464684690295
       175   -0.3231492265666660   -0.1307116582878767
       176   -0.3405543343520799    0.0000000000000000
       177   -0.3231492265666660    0.1307116582878767
       178   -0.2736149479419601    0.2549464684690295
       179   -0.1957182517486868    0.3681935411844278
       180   -0.0925920736084196    0.4665016537635405
       181    0.0319073264729429    0.5464553016220755
       182    0.1732054832997773    0.6053370458972369
       183    0.3261800907626830    0.6412145316229227
       184    0.4853374719160379    0.6529618825655837
       185    0.6449657282318531    0.6402422865119152
       186    0.7992655209551368    0.6034845206385637
       187    0.9424783639095826    0.5438784526855087
       188    1.0690414369543149    0.4633961089503102
       189    1.1737939884094244    0.3648206517249765
       190    1.2522411434260357    0.2517452333258622
       191    1.3008505028474571    0.1285013507849931
       192    1.4626832079412433    0.0000000000000000
       193    1.4434639773891753   -0.1630192850901445
       194    1.3867268006548334   -0.3194110533641278
       195    1.2950486156087657   -0.4629571605567382
       196    1.1724307787486579   -0.5881392753425898
       197    1.0240148610565258   -0.6903437585653198
       198    0.8557682532560755   -0.7659690943400835
       199    0.6741933698339949   -0.8124538276178773
       200    0.4860869242165858   -0.8282652860634711
       201    0.2983450970220365   -0.8128867000127931
       202    0.1177910730751398   -0.7668205216318187
       203   -0.0490021720279094   -0.6916021713005581
       204   -0.1959112747420333   -0.5898003791372854
       205   -0.3174820400432623   -0.4649725801050294
       206   -0.4091361336280392   -0.3215493346804431
       207   -0.4671985170752810   -0.1646380934076071
       208   -0.4875068000749975    0.0000000000000000
       209   -0.4671985170752810    0.1646380934076071
       210   -0.4091361336280392    0.3215493346804431
       211   -0.3174820400432623    0.4649725801050294
       212   -0.1959112747420333    0.5898003791372854
       213   -0.0490021720279094    0.6916021713005581
       214    0.1177910730751398    0.7668205216318187
       215    0.2983450970220365    0.8128867000127931
       216    0.4860869242165858    0.8282652860634711
       217    0.6741933698339949    0.8124538276178773
       218    0.8557682532560755    0.7659690943400835
       219    1.0240148610565258    0.6903437585653198
       220    1.1724307787486579    0.5881392753425898
       221    1.2950486156087657    0.4629571605567382
       222    1.3867268006548334    0.3194110533641278
       223    1.4434639773891753    0.1630192850901445
       224    1.6457322236444465    0.0000000000000000
       225    1.6230274765987098   -0.2037098939595833
       226    1.5559627998551087   -0.3992037070083982
       227    1.4474961836692262   -0.5787402852196925
       228    1.3022511315305101   -0.7354065903237877
       229    1.1262138670564634   -0.8633775429224433
       230    0.9263909493120741   -0.9580692183754902
       231    0.7104817579067465   -1.0162025094644389
       232    0.4865937003706918   -1.0358166265694737
       233    0.2629975721488467   -1.0162694088426605
       234    0.0479013811275314   -0.9582422105708378
       235   -0.1507822766334574   -0.8637441670604389
       236   -0.3256901244558417   -0.7360929969368042
       237   -0.4702784484735427   -0.5798419441007384
       238   -0.5790734916248168   -0.4006278736106821
       239   -0.6477301609187325   -0.2049316447321102
       240   -0.6716316978659996    0.0000000000000000
       241   -0.6477301609187325    0.2049316447321102
       242   -0.5790734916248168    0.4006278736106821
       243   -0.4702784484735427    0.5798419441007384
       244   -0.3256901244558417    0.7360929969368042
       245   -0.1507822766334574    0.8637441670604389
       246    0.0479013811275314    0.9582422105708378
       247    0.2629975721488467    1.0162694088426605
       248    0.4865937003706918    1.0358166265694737
       249    0.7104817579067465    1.0162025094644389
       250    0.9263909493120741    0.9580692183754902
       251    1.1262138670564634    0.8633775429224433
       252    1.3022511315305101    0.7354065903237877
       253    1.4474961836692262    0.5787402852196925
       254    1.5559627998551087    0.3992037070083982
       255    1.6230274765987098    0.2037098939595833
       256    1.8734857624347923    0.0000000000000000
       257    1.8464247749908873   -0.2521826573757160
       258    1.7664560943550762   -0.4942720483661511
       259    1.6370244886563878   -0.7167239292268586
       260    1.4635452799390651   -0.9109679816058902
       261    1.2530739747377251   -1.0697325905522925
       262    1.0139255318836011   -1.1872538003149458
       263    0.7552988673773277   -1.2593836383262857
       264    0.4869360622618339   -1.2836355711568554
       265    0.2188156335688397   -1.2592030086029149
       266   -0.0391395672058006   -1.1869682749177421
       267   -0.2773621388745606   -1.0694971837758982
       268   -0.4869595400339078   -0.9109972287663628
       269   -0.6600451269268828   -0.7172101859437927
       270   -0.7900415247764273   -0.4952154976207819
       271   -0.8717800331928560   -0.2531369881941182
       272   -0.9001093243578568    0.0000000000000000
       273   -0.8717800331928560    0.2531369881941182
       274   -0.7900415247764273    0.4952154976207819
       275   -0.6600451269268828    0.7172101859437927
       276   -0.4869595400339078    0.9109972287663628
       277   -0.2773621388745606    1.0694971837758982
       278   -0.0391395672058006    1.1869682749177421
       279    0.2188156335688397    1.2592030086029149
       280    0.4869360622618339    1.2836355711568554
       281    0.7552988673773277    1.2593836383262857
       282    1.0139255318836011    1.1872538003149458
       283    1.2530739747377251    1.0697325905522925
       284    1.4635452799390651    0.9109679816058902
       285    1.6370244886563878    0.7167239292268586
       286    1.7664560943550762    0.4942720483661511
       287    1.8464247749908873    0.2521826573757160
       288    2.1547093380875419    0.0000000000000000
       289    2.1222576744688064   -0.3103340743656218
       290    2.0263225074080982   -0.6083318335551751
       291    1.8709566084653675   -0.8822929274191491
       292    1.6625632473268661   -1.1216620979673695
       293    1.4095294772040738   -1.3174311731548523
       294    1.1217959452354656   -1.4624152223784577
       295    0.8104205061285621   -1.5514154466147561
       296    0.4871672208047751   -1.5813043939297518
       297    0.1641225785133146   -1.5510679252173807
       298   -0.1466776652398555   -1.4618206704557424
       299   -0.4336302048373865   -1.3167902189858940
       300   -0.6859630502182401   -1.1212488308483646
       301   -0.8941401524696101   -0.8823647663197971
       302   -1.0502291791618585   -0.6089512845317218
       303   -1.1480521498533984   -0.3111078305813859
       304   -1.1818191358680012    0.0000000000000000
       305   -1.1480521498533984    0.3111078305813859
       306   -1.0502291791618585    0.6089512845317218
       307   -0.8941401524696101    0.8823647663197971
       308   -0.6859630502182401    1.1212488308483646
       309   -0.4336302048373865    1.3167902189858940
       310   -0.1466776652398555    1.4618206704557424
       311    0.1641225785133146    1.5510679252173807
       312    0.4871672208047751    1.5813043939297518
       313    0.8104205061285621    1.5514154466147561
       314    1.1217959452354656    1.4624152223784577
       315    1.4095294772040738    1.3174311731548523
       316    1.6625632473268661    1.1216620979673695
       317    1.8709566084653675    0.8822929274191491
       318    2.0263225074080982    0.6083318335551751
       319    2.1222576744688064    0.3103340743656218
       320    2.5002524873623431    0.0000000000000000
       321    2.4611700196321866   -0.3804267529234704
       322    2.3455961538118335   -0.7458189309357743
       323    2.1583346619693846   -1.0818817391915063
       324    1.9070087644388449   -1.3756697333800465
       325    1.6016485494100392   -1.6160813238490588
       326    1.2541987739633709   -1.7942158978456675
       327    0.8780065512105197   -1.9036029050320016
       328    0.4873232465609566   -1.9403357947219835
       329    0.0968256008852738   -1.9031433035395744
       330   -0.2788569697761679   -1.7934138245077467
       331   -0.6256242262356555   -1.6151680091457239
       332   -0.9304007272019387   -1.3749591309186666
       333   -1.1816298954474229   -1.0816747633265582
       334   -1.3697201857643702   -0.7462198600196687
       335   -1.4872591882762691   -0.3810782605565733
       336   -1.5276872357791869    0.0000000000000000
       337   -1.4872591882762691    0.3810782605565733
       338   -1.3697201857643702    0.7462198600196687
       339   -1.1816298954474229    1.0816747633265582
       340   -0.9304007272019387    1.3749591309186666
       341   -0.6256242262356555    1.6151680091457239
       342   -0.2788569697761679    1.7934138245077467
       343    0.0968256008852738    1.9031433035395744
       344    0.4873232465609566    1.9403357947219835
       345    0.8780065512105197    1.9036029050320016
       346    1.2541987739633709    1.7942158978456675
       347    1.6016485494100392    1.6160813238490588
       348    1.9070087644388449    1.3756697333800465
       349    2.1583346619693846    1.0818817391915063
       350    2.3455961538118335    0.7458189309357743
       351    2.4611700196321866    0.3804267529234704
       352    2.9234623215660802    0.0000000000000000
       353    2.8762541488092426   -0.4651801739021185
       354    2.7366145525859413   -0.9120664435616856
       355    2.5102694000683545   -1.3232297091479364
       356    2.2063397115941257   -1.6828360524586357
       357    1.8368722568456617   -1.9772526925898619
       358    1.4162706790706074   -2.1955028798989433
       359    0.9606894640806226   -2.3295751789854702
       360    0.4874285430199042   -2.3746167535364817
       361    0.0143375612930480   -2.3290407604963401
       362   -0.4407787928834288   -2.1945622392551076
       363   -0.8607650101383542   -1.9761573785567919
       364   -1.2297283483325829   -1.6819264400694762
       365   -1.5336417918642864   -1.3228355579476714
       366   -1.7608856915133853   -0.9123199476415396
       367   -1.9025398714413280   -0.4657486386484344
       368   -1.9511122393802161    0.0000000000000000
       369   -1.9025398714413280    0.4657486386484344
       370   -1.7608856915133853    0.9123199476415396
       371   -1.5336417918642864    1.3228355579476714
       372   -1.2297283483325829    1.6819264400694762
       373   -0.8607650101383542    1.9761573785567919
       374   -0.4407787928834288    2.1945622392551076
       375    0.0143375612930480    2.3290407604963401
       376    0.4874285430199042    2.3746167535364817
       377    0.9606894640806226    2.3295751789854702
       378    1.4162706790706074    2.1955028798989433
       379    1.8368722568456617    1.9772526925898619
       380    2.2063397115941257    1.6828360524586357
       381    2.5102694000683545    1.3232297091479364
       382    2.7366145525859413    0.9120664435616856
       383    2.8762541488092426    0.4651801739021185
       384    3.4406960876371353    0.0000000000000000
       385    3.3835540654533713   -0.5678777797080794
       386    3.2144938519823709   -1.1135143074361902
       387    2.9403696363767318   -1.6156843663877185
       388    2.5721352381554379   -2.0550551448331489
       389    2.1243049012276041   -2.4149269568062390
       390    1.6142902739736325   -2.6818064700660118
       391    1.0616793688223949   -2.8458132032882384
       392    0.4874995998494865   -2.9009449563000271
       393   -0.0865210688525504   -2.8452293590096938
       394   -0.6386979634784509   -2.6807742174526181
       395   -1.1481433466024860   -2.4137111053005009
       396   -1.5955238529973688   -2.0540132820052728
       397   -1.9637961002085644   -1.6151650984255705
       398   -2.2388646211717349   -1.1136683600088055
       399   -2.4099694407919823   -0.5683895351153752
       400   -2.4684860055544346    0.0000000000000000
       401   -2.4099694407919823    0.5683895351153752
       402   -2.2388646211717349    1.1136683600088055
       403   -1.9637961002085644    1.6151650984255705
       404   -1.5955238529973688    2.0540132820052728
       405   -1.1481433466024860    2.4137111053005009
       406   -0.6386979634784509    2.6807742174526181
       407   -0.0865210688525504    2.8452293590096938
       408    0.4874995998494865    2.9009449563000271
       409    1.0616793688223949    2.8458132032882384
       410    1.6142902739736325    2.6818064700660118
       411    2.1243049012276041    2.4149269568062390
       412    2.5721352381554379    2.0550551448331489
       413    2.9403696363767318    1.6156843663877185
       414    3.2144938519823709    1.1135143074361902
       415    3.3835540654533713    0.5678777797080794
       416    4.0719515628943519    0.0000000000000000
       417    4.0026839793980038   -0.6924951153727953
       418    3.7977122000349883   -1.3579604040216546
       419    3.4652682979590357   -1.9705654441579201
       420    3.0185443147271704   -2.5067325016873507
       421    2.4750676678046890   -2.9460405877571434
       422    1.8559229744644579   -3.2719421607434338
       423    1.1848903450475123   -3.4722875761049750
       424    0.4875475509446708   -3.5396781827734412
       425   -0.2096437291445017   -3.4716717009035829
       426   -0.8802639025319279   -3.2708504416739173
       427   -1.4988714149134019   -2.9447462174010042
       428   -2.0419355419328191   -2.5056039193550181
       429   -2.4887336028634950   -1.9699632195378176
       430   -2.8221505443225494   -1.3580474021232019
       431   -3.0291830973683425   -0.6929677998342700
       432   -3.0998294933990245    0.0000000000000000
       433   -3.0291830973683425    0.6929677998342700
       434   -2.8221505443225494    1.3580474021232019
       435   -2.4887336028634950    1.9699632195378176
       436   -2.0419355419328191    2.5056039193550181
       437   -1.4988714149134019    2.9447462174010042
       438   -0.8802639025319279    3.2708504416739173
       439   -0.2096437291445017    3.4716717009035829
       440    0.4875475509446708    3.5396781827734412
       441    1.1848903450475123    3.4722875761049750
       442    1.8559229744644579    3.2719421607434338
       443    2.4750676678046890    2.9460405877571434
       444    3.0185443147271704    2.5067325016873507
       445    3.4652682979590357    1.9705654441579201
       446    3.7977122000349883    1.3579604040216546
       447    4.0026839793980038    0.6924951153727953
       448    4.8416391011139996    0.0000000000000000
       449    4.7575856697778258   -0.8438542949792602
       450    4.5088235892699018   -1.6548634232113442
       451    4.1052654927352599   -2.4016042677185405
       452    3.5628333548307913   -3.0553437715842167
       453    2.9027296767677151   -3.5911412537051621
       454    2.1505187443814511   -3.9887392825064327
       455    1.3350932109972273   -4.2332313638475805
       456    0.4875799107952418   -4.3155215789121639
       457   -0.3597873219445147   -4.2325954968593997
       458   -1.1748158312102412   -3.9876103237727674
       459   -1.9265123556582555   -3.5897973588079015
       460   -2.5862295058514158   -3.0541597688508744
       461   -3.1287598257012808   -2.4009478801685247
       462   -3.5333078949555943   -1.6549052622411180
       463   -3.7841366612914173   -0.8442996524233441
       464   -3.8695684731164817    0.0000000000000000
       465   -3.7841366612914173    0.8442996524233441
       466   -3.5333078949555943    1.6549052622411180
       467   -3.1287598257012808    2.4009478801685247
       468   -2.5862295058514158    3.0541597688508744
       469   -1.9265123556582555    3.5897973588079015
       470   -1.1748158312102412    3.9876103237727674
       471   -0.3597873219445147    4.2325954968593997
       472    0.4875799107952418    4.3155215789121639
       473    1.3350932109972273    4.2332313638475805
       474    2.1505187443814511    3.9887392825064327
       475    2.9027296767677151    3.5911412537051621
       476    3.5628333548307913    3.0553437715842167
       477    4.1052654927352599    2.4016042677185405
       478    4.5088235892699018    1.6548634232113442
       479    4.7575856697778258    0.8438542949792602
       480    5.7795248621186808    0.0000000000000000
       481    5.6774536819661616   -1.0278109460306089
       482    5.3753296311930825   -2.0157094935087270
       483    4.8851134717636855   -2.9254758482664176
       484    4.2260542372561316   -3.7221117092573777
       485    3.4238333563858729   -4.3751834537317347
       486    2.5094745319846279   -4.8599246262908675
       487    1.5181009623377393   -5.1580776856363659
       488    0.4876017500130495   -5.2584831610039657
       489   -0.5427554670912705   -5.1574303102472072
       490   -1.5337435014714864   -4.8587740665196755
       491   -2.4476046630173363   -4.3738103677035891
       492   -3.2494575405206492   -3.7208940983656200
       493   -3.9086307975614374   -2.9247851418363684
       494   -4.3998453570224294   -2.0157209863527141
       495   -4.7040339881608073   -1.0282367053783374
       496   -4.8074792170612399    0.0000000000000000
       497   -4.7040339881608073    1.0282367053783374
       498   -4.3998453570224294    2.0157209863527141
       499   -3.9086307975614374    2.9247851418363684
       500   -3.2494575405206492    3.7208940983656200
       501   -2.4476046630173363    4.3738103677035891
       502   -1.5337435014714864    4.8587740665196755
       503   -0.5427554670912705    5.1574303102472072
       504    0.4876017500130495    5.2584831610039657
       505    1.5181009623377393    5.1580776856363659
       506    2.5094745319846279    4.8599246262908675
       507    3.4238333563858729    4.3751834537317347
       508    4.2260542372561316    3.7221117092573777
       509    4.8851134717636855    2.9254758482664176
       510    5.3753296311930825    2.0157094935087270
       511    5.6774536819661616    1.0278109460306089
       512    6.9218815105074167    0.0000000000000000
       513    6.7978639727360104   -1.2514809656166781
       514    6.4307428783468392   -2.4544569388240634
       515    5.8349738383582785   -3.5624444729245517
       516    5.0338586460791959   -4.5328276940517878
       517    4.0585346011754009   -5.3284942977340295
       518    2.9466755874248451   -5.9191952897500872
       519    1.7409942057882959   -6.2825983444019311
       520    0.4876164898623500   -6.4050344561084156
       521   -0.7656224612026210   -6.2819456194271392
       522   -1.9709273671459977   -5.9180344554843289
       523   -3.0823016913938925   -5.3271066702902701
       524   -4.0572714278058637   -4.5315920299138366
       525   -4.8585108090351152   -3.5617333371494899
       526   -5.4552802785851782   -2.4544481225982802
       527   -5.8244571069279694   -1.2518921003609067
       528   -5.9498408489496253    0.0000000000000000
       529   -5.8244571069279694    1.2518921003609067
       530   -5.4552802785851782    2.4544481225982802
       531   -4.8585108090351152    3.5617333371494899
       532   -4.0572714278058637    4.5315920299138366
       533   -3.0823016913938925    5.3271066702902701
       534   -1.9709273671459977    5.9180344554843289
       535   -0.7656224612026210    6.2819456194271392
       536    0.4876164898623500    6.4050344561084156
       537    1.7409942057882959    6.2825983444019311
       538    2.9466755874248451    5.9191952897500872
       539    4.0585346011754009    5.3284942977340295
       540    5.0338586460791959    4.5328276940517878
       541    5.8349738383582785    3.5624444729245517
       542    6.4307428783468392    2.4544569388240634
       543    6.7978639727360104    1.2514809656166781
       544    8.3128907702114514    0.0000000000000000
       545    8.1621495519261131   -1.5235159200908828
       546    7.7158827553600915   -2.9880764719433390
       547    6.9915840150002211   -4.3371478904703515
       548    6.0174902673378714   -5.5188497168821984
       549    4.8313825590138180   -6.4879468834612393
       550    3.4790328371090644   -7.2075222988399261
       551    2.0123954151776227   -7.6502875564238790
       552    0.4876264387493356   -7.7995211442404209
       553   -1.0370065394269399   -7.6496341647710508
       554   -2.5032751884933973   -7.2063597719471684
       555   -3.8551510103339046   -6.4865557269111980
       556   -5.0409151022432219   -5.5176075093179469
       557   -6.0151392589339512   -4.3364263007338231
       558   -6.7404353429017565   -2.9880541659431490
       559   -7.1887428622063849   -1.5239154888931199
       560   -7.3408389994996250    0.0000000000000000
       561   -7.1887428622063849    1.5239154888931199
       562   -6.7404353429017565    2.9880541659431490
       563   -6.0151392589339512    4.3364263007338231
       564   -5.0409151022432219    5.5176075093179469
       565   -3.8551510103339046    6.4865557269111980
       566   -2.5032751884933973    7.2063597719471684
       567   -1.0370065394269399    7.6496341647710508
       568    0.4876264387493356    7.7995211442404209
       569    2.0123954151776227    7.6502875564238790
       570    3.4790328371090644    7.2075222988399261
       571    4.8313825590138180    6.4879468834612393
       572    6.0174902673378714    5.5188497168821984
       573    6.9915840150002211    4.3371478904703515
       574    7.7158827553600915    2.9880764719433390
       575    8.1621495519261131    1.5235159200908828
       576   10.0063520081154653    0.0000000000000000
       577    9.8230762613142240   -1.8544377771550644
       578    9.2804541797881193   -3.6372077841345676
       579    8.3996780735068306   -5.2795505043166377
       580    7.2149932407234942   -6.7183155156029706
       581    5.7722692574046830   -7.8983867191881751
       582    4.1271371657838456   -8.7747354665866233
       583    2.3428026879213339   -9.3140443121789236
       584    0.4876331542753465   -9.4958782508909181
       585   -1.3674029618844861   -9.3133940543207814
       586   -3.1513757983248700   -8.7735781788976368
       587   -4.7960437457946821   -7.8970008334712922
       588   -6.2384330911676678   -6.7170757617978598
       589   -7.4232517484380782   -5.2788259222952458
       590   -8.3050176907613640   -3.6371766432105614
       591   -8.8496593593973500   -1.8548274798666824
       592   -9.0342751168889990    0.0000000000000000
       593   -8.8496593593973500    1.8548274798666824
       594   -8.3050176907613640    3.6371766432105614
       595   -7.4232517484380782    5.2788259222952458
       596   -6.2384330911676678    6.7170757617978598
       597   -4.7960437457946821    7.8970008334712922
       598   -3.1513757983248700    8.7735781788976368
       599   -1.3674029618844861    9.3133940543207814
       600    0.4876331542753465    9.4958782508909181
       601    2.3428026879213339    9.3140443121789236
       602    4.1271371657838456    8.7747354665866233
       603    5.7722692574046830    7.8983867191881751
       604    7.2149932407234942    6.7183155156029706
       605    8.3996780735068306    5.2795505043166377
       606    9.2804541797881193    3.6372077841345676
       607    9.8230762613142240    1.8544377771550644
       608   12.0677628838112714    0.0000000000000000
       609   11.8448834638807412   -2.2570459397967548
       610   11.1849699018015247   -4.4269579672067882
       611   10.1137168739162497   -6.4261024910963309
       612    8.6726836182180591   -8.1776178316885009
       613    6.9175858279624229   -9.6143664062049012
       614    4.9160559540168389  -10.6814508166940811
       615    2.7449959566617674  -11.3382184499711620
       616    0.4876376875026054  -11.5597162244216811
       617   -1.7695897742416493  -11.3375746693578883
       618   -3.9402952950113450  -10.6803048330655947
       619   -5.9413706193063742   -9.6129933937664092
       620   -7.6961419748456121   -8.1763880982047112
       621   -9.1373104064640529   -6.4253808383573512
       622  -10.2095416002549690   -4.4269211949916922
       623  -10.8714470918398796   -2.2574264788719152
       624  -11.0956475864737474    0.0000000000000000
       625  -10.8714470918398796    2.2574264788719152
       626  -10.2095416002549690    4.4269211949916922
       627   -9.1373104064640529    6.4253808383573512
       628   -7.6961419748456121    8.1763880982047112
       629   -5.9413706193063742    9.6129933937664092
       630   -3.9402952950113450   10.6803048330655947
       631   -1.7695897742416493   11.3375746693578883
       632    0.4876376875026054   11.5597162244216811
       633    2.7449959566617674   11.3382184499711620
       634    4.9160559540168389   10.6814508166940811
       635    6.9175858279624229    9.6143664062049012
       636    8.6726836182180591    8.1776178316885009
       637   10.1137168739162497    6.4261024910963309
       638   11.1849699018015247    4.4269579672067882
       639   11.8448834638807412    2.2570459397967548
       640   14.5768525099013679    0.0000000000000000
       641   14.3057685452791148   -2.7469123392958639
       642   13.5030908953987172   -5.3878726746821712
       643   12.1999944228489294   -7.8211497091582496
       644   10.4469407483970080   -9.9531988810318079
       645    8.3116300670266661  -11.7022557034107670
       646    5.8763027054487083  -13.0014151403322629
       647    3.2345313972887615  -13.8010995888116668
       648    0.4876407477350269  -14.0708585809009570
       649   -2.2591219125560551  -13.8004654891370571
       650   -4.9005464414649884  -13.0002862408444315
       651   -7.3354293915012434  -11.7009027185938308
       652   -9.4704217824421590   -9.9519860920169698
       653  -11.2236103833919891   -7.8204360587099959
       654  -12.5276691089495493   -5.3878325076105744
       655  -13.3323037229526538   -2.7472836467193917
       656  -13.6046851826249355    0.0000000000000000
       657  -13.3323037229526538    2.7472836467193917
       658  -12.5276691089495493    5.3878325076105744
       659  -11.2236103833919891    7.8204360587099959
       660   -9.4704217824421590    9.9519860920169698
       661   -7.3354293915012434   11.7009027185938308
       662   -4.9005464414649884   13.0002862408444315
       663   -2.2591219125560551   13.8004654891370571
       664    0.4876407477350269   14.0708585809009570
       665    3.2345313972887615   13.8010995888116668
       666    5.8763027054487083   13.0014151403322629
       667    8.3116300670266661   11.7022557034107670
       668   10.4469407483970080    9.9531988810318079
       669   12.1999944228489294    7.8211497091582496
       670   13.5030908953987172    5.3878726746821712
       671   14.3057685452791148    2.7469123392958639
       672   17.6306650796117061    0.0000000000000000
       673   17.3009113040817333   -3.3429837451504278
       674   16.3244753089791672   -6.5571176003933669
       675   14.7392019148279214   -9.5186489494233975
       676   12.6063878758049448  -12.1137334662185552
       677   10.0083197842237617  -14.2428086052673741
       678    7.0450172832197406  -15.8243583816208080
       679    3.8303431753903627  -16.7979451931165471
       680    0.4876428136779896  -17.1264292655215584
       681   -2.8549327465146082  -16.7973240890746851
       682   -6.0692687524301769  -15.8232525197663847
       683   -9.0321381410870121  -14.2414829383898471
       684  -11.6298966119535869  -12.1125445057750767
       685  -13.7628439950113446   -9.5179480342588221
       686  -15.3490591218219681   -6.5570756374384933
       687  -16.3274086474568634   -3.3433451147907958
       688  -16.6584308614700376    0.0000000000000000
       689  -16.3274086474568634    3.3433451147907958
       690  -15.3490591218219681    6.5570756374384933
       691  -13.7628439950113446    9.5179480342588221
       692  -11.6298966119535869   12.1125445057750767
       693   -9.0321381410870121   14.2414829383898471
       694   -6.0692687524301769   15.8232525197663847
       695   -2.8549327465146082   16.7973240890746851
       696    0.4876428136779896   17.1264292655215584
       697    3.8303431753903627   16.7979451931165471
       698    7.0450172832197406   15.8243583816208080
       699   10.0083197842237617   14.2428086052673741
       700   12.6063878758049448   12.1137334662185552
       701   14.7392019148279214    9.5186489494233975
       702   16.3244753089791672    6.5571176003933669
       703   17.3009113040817333    3.3429837451504278
       704   21.3473132156207335    0.0000000000000000
       705   20.9461551946456481   -4.0683145934311389
       706   19.7582461567481005   -7.9799159814419918
       707   17.8295486231033209  -11.5842548834410977
       708   15.2345462967899792  -14.7427851815394710
       709   12.0732782133533565  -17.3342867337148547
       710    8.4674024145778510  -19.2594641840731917
       711    4.5554758179822441  -20.4446648918419598
       712    0.4876442084301854  -20.8446091417913948
       713   -3.5800663156591108  -20.4440604229405274
       714   -7.4916649043975836  -19.2583878754104703
       715  -11.0971206402496883  -17.3329963005524945
       716  -14.2580888152717815  -14.7416273858668259
       717  -16.8532216962879033  -11.5835714904902254
       718  -18.7828352105197602   -7.9798734102360953
       719  -19.9726043269933804   -4.0686647448985269
       720  -20.3749951823933912    0.0000000000000000
       721  -19.9726043269933804    4.0686647448985269
       722  -18.7828352105197602    7.9798734102360953
       723  -16.8532216962879033   11.5835714904902254
       724  -14.2580888152717815   14.7416273858668259
       725  -11.0971206402496883   17.3329963005524945
       726   -7.4916649043975836   19.2583878754104703
       727   -3.5800663156591108   20.4440604229405274
       728    0.4876442084301854   20.8446091417913948
       729    4.5554758179822441   20.4446648918419598
       730    8.4674024145778510   19.2594641840731917
       731   12.0732782133533565   17.3342867337148547
       732   15.2345462967899792   14.7427851815394710
       733   17.8295486231033209   11.5842548834410977
       734   19.7582461567481005    7.9799159814419918
       735   20.9461551946456481    4.0683145934311389
       736   25.8705462011429574    0.0000000000000000
       737   25.3824877955435788   -4.9509586808437565
       738   23.9372118663735698   -9.7112977307738291
       739   21.5905603451923866  -14.0978594347290986
       740   18.4330657283901580  -17.9420384549188121
       741   14.5863721480734156  -21.0962598570830693
       742   10.1984720308217867  -23.4395928360614114
       743    5.4379755452172756  -24.8823035552627303
       744    0.4876451500776411  -25.3692068997499689
       745   -4.4625685716184211  -24.8817198844148564
       746   -9.2227490187511574  -23.4385535170968602
       747  -13.6102444801121187  -21.0950136450822221
       748  -17.4566494053086458  -17.9409200485581195
       749  -20.6142705992453799  -14.0971987324414680
       750  -22.9618062356514443   -9.7112554845220576
       751  -24.4088767933927926   -4.9512957715913339
       752  -24.8981245408129404    0.0000000000000000
       753  -24.4088767933927926    4.9512957715913339
       754  -22.9618062356514443    9.7112554845220576
       755  -20.6142705992453799   14.0971987324414680
       756  -17.4566494053086458   17.9409200485581195
       757  -13.6102444801121187   21.0950136450822221
       758   -9.2227490187511574   23.4385535170968602
       759   -4.4625685716184211   24.8817198844148564
       760    0.4876451500776411   25.3692068997499689
       761    5.4379755452172756   24.8823035552627303
       762   10.1984720308217867   23.4395928360614114
       763   14.5863721480734156   21.0962598570830693
       764   18.4330657283901580   17.9420384549188121
       765   21.5905603451923866   14.0978594347290986
       766   23.9372118663735698    9.7112977307738291
       767   25.3824877955435788    4.9509586808437565
       768   31.3753097743681089    0.0000000000000000
       769   30.7814937906192121   -6.0250542152412745
       770   29.0230029181084035  -11.8182278555119069
       771   26.1677023143657905  -17.1566817951062305
       772   22.3256558321461398  -21.8352314393812108
       773   17.6448009727827468  -25.6742305352006817
       774   12.3051790677428059  -28.5264199513770649
       775    6.5119750419278528  -30.2824965249367359
       776    0.4876457858342947  -30.8752211734748059
       777   -5.5365720915622205  -30.2819385383961404
       778  -11.3294744326061263  -28.5254263393456640
       779  -16.6687101115937573  -25.6730390456455737
       780  -21.3492896282510785  -21.8341619562941744
       781  -25.1914574534207674  -17.1560496295270148
       782  -28.0476030385638850  -11.8181867240660061
       783  -29.8078086194314054   -6.0253758109670503
       784  -30.4027609060270052    0.0000000000000000
       785  -29.8078086194314054    6.0253758109670503
       786  -28.0476030385638850   11.8181867240660061
       787  -25.1914574534207674   17.1560496295270148
       788  -21.3492896282510785   21.8341619562941744
       789  -16.6687101115937573   25.6730390456455737
       790  -11.3294744326061263   28.5254263393456640
       791   -5.5365720915622205   30.2819385383961404
       792    0.4876457858342947   30.8752211734748059
       793    6.5119750419278528   30.2824965249367359
       794   12.3051790677428059   28.5264199513770649
       795   17.6448009727827468   25.6742305352006817
       796   22.3256558321461398   21.8352314393812108
       797   26.1677023143657905   17.1566817951062305
       798   29.0230029181084035   11.8182278555119069
       799   30.7814937906192121    6.0250542152412745
       800   38.0745125199534655    0.0000000000000000
       801   37.3519913654086579   -7.3321441909895100
       802   35.2123232437784566  -14.3821964851483983
       803   31.7380053772954867  -20.8790286028917222
       804   27.0628709534680674  -26.5729418714543044
       805   21.3668560654965916  -31.2452617629012366
       806   14.8690050270696741  -34.7166896379853824
       807    7.8190136286756751  -36.8541079917037280
       808    0.4876462150770332  -37.5756089957327362
       809   -6.8436162130002112  -36.8535815144969945
       810  -13.8933232509170814  -34.7157521167906324
       811  -20.3908102755648599  -31.2441374809700676
       812  -26.0865657631923504  -26.5719325932824830
       813  -30.7618148943953216  -20.8784317887066138
       814  -34.2369298785966762  -14.3821571961119119
       815  -36.3782152670762926   -7.3324471994837106
       816  -37.1018081041598506    0.0000000000000000
       817  -36.3782152670762926    7.3324471994837106
       818  -34.2369298785966762   14.3821571961119119
       819  -30.7618148943953216   20.8784317887066138
       820  -26.0865657631923504   26.5719325932824830
       821  -20.3908102755648599   31.2441374809700676
       822  -13.8933232509170814   34.7157521167906324
       823   -6.8436162130002112   36.8535815144969945
       824    0.4876462150770332   37.5756089957327362
       825    7.8190136286756751   36.8541079917037280
       826   14.8690050270696741   34.7166896379853824
       827   21.3668560654965916   31.2452617629012366
       828   27.0628709534680674   26.5729418714543044
       829   31.7380053772954867   20.8790286028917222
       830   35.2123232437784566   14.3821964851483983
       831   37.3519913654086579    7.3321441909895100
       832   46.2272605601716435    0.0000000000000000
       833   45.3481086939604765   -8.9227831580359123
       834   42.7445581706004774  -17.5023706862735331
       835   38.5169130418287082  -25.4088697185010268
       836   32.8279331373026508  -32.3384110027210170
       837   25.8964959774922043  -38.0248252762769710
       838   17.9891114578664286  -42.2498240120764592
       839    9.4096438954018637  -44.8513092769829740
       840    0.4876465048942086  -45.7295223745757937
       841   -8.4342536462977584  -44.8508213158718689
       842  -17.0134578341255107  -42.2489550666463316
       843  -24.9205052252761234  -38.0237831968682229
       844  -31.8517022114506290  -32.3374754420759132
       845  -37.5407885687491785  -25.4083163464913753
       846  -41.7691724058004183  -17.5023339674192187
       847  -44.3742214915610873   -8.9230637287502077
       848  -45.2543663504673574    0.0000000000000000
       849  -44.3742214915610873    8.9230637287502077
       850  -41.7691724058004183   17.5023339674192187
       851  -37.5407885687491785   25.4083163464913753
       852  -31.8517022114506290   32.3374754420759132
       853  -24.9205052252761234   38.0237831968682229
       854  -17.0134578341255107   42.2489550666463316
       855   -8.4342536462977584   44.8508213158718689
       856    0.4876465048942086   45.7295223745757937
       857    9.4096438954018637   44.8513092769829740
       858   17.9891114578664286   42.2498240120764592
       859   25.8964959774922043   38.0248252762769710
       860   32.8279331373026508   32.3384110027210170
       861   38.5169130418287082   25.4088697185010268
       862   42.7445581706004774   17.5023706862735331
       863   45.3481086939604765    8.9227831580359123
       864   56.1488790387385350    0.0000000000000000
       865   55.0791128901492542  -10.8584925315150862
       866   51.9110331622948920  -21.2994299687411512
       867   46.7666142183041487  -30.9214065773791233
       868   39.8438186369637535  -39.3546308596376591
       869   31.4089143441070320  -46.2751353958113611
       870   21.7861752490017615  -51.4171833728609613
       871   11.3453869392313749  -54.5834094630530586
       872    0.4876467005784720  -55.6523315596417305
       873  -10.3700057025426773  -54.5829684894808480
       874  -20.8105561110118558  -51.4163980944092458
       875  -30.4329906972508404  -46.2741936328306238
       876  -38.8676780966746946  -39.3537853144149068
       877  -45.7905699641334110  -30.9209063569522584
       878  -50.9356564258345230  -21.2993965992030354
       879  -54.1050901756948264  -10.8587459193163731
       880  -55.1757535216609938    0.0000000000000000
       881  -54.1050901756948264   10.8587459193163731
       882  -50.9356564258345230   21.2993965992030354
       883  -45.7905699641334110   30.9209063569522584
       884  -38.8676780966746946   39.3537853144149068
       885  -30.4329906972508404   46.2741936328306238
       886  -20.8105561110118558   51.4163980944092458
       887  -10.3700057025426773   54.5829684894808480
       888    0.4876467005784720   55.6523315596417305
       889   11.3453869392313749   54.5834094630530586
       890   21.7861752490017615   51.4171833728609613
       891   31.4089143441070320   46.2751353958113611
       892   39.8438186369637535   39.3546308596376591
       893   46.7666142183041487   30.9214065773791233
       894   51.9110331622948920   21.2994299687411512
       895   55.0791128901492542   10.8584925315150862
       896   68.2231079989749389    0.0000000000000000
       897   66.9213715787479089  -13.2141400672656175
       898   63.0662814588094918  -25.9202338301612727
       899   56.8061839415791212  -37.6298484891592295
       900   48.3818820037526649  -47.8929689479747935
       901   38.1173158800802270  -56.3152907382144861
       902   26.4070560727214669  -62.5733351972983343
       903   13.7011118307688946  -66.4268185940689193
       904    0.4876468327051940  -67.7278226702891573
       905  -12.7257417582947596  -66.4264348801792437
       906  -25.4314790544510672  -62.5726518818172366
       907  -37.1414739827393490  -56.3144712445544471
       908  -47.4058514643857478  -47.8922331531618255
       909  -55.8302372341820430  -37.6294131438752402
       910  -62.0909155602093961  -25.9202046861475282
       911  -65.9471837478500333  -13.2143604576024973
       912  -67.2497007644966374    0.0000000000000000
       913  -65.9471837478500333   13.2143604576024973
       914  -62.0909155602093961   25.9202046861475282
       915  -55.8302372341820430   37.6294131438752402
       916  -47.4058514643857478   47.8922331531618255
       917  -37.1414739827393490   56.3144712445544471
       918  -25.4314790544510672   62.5726518818172366
       919  -12.7257417582947596   66.4264348801792437
       920    0.4876468327051940   67.7278226702891573
       921   13.7011118307688946   66.4268185940689193
       922   26.4070560727214669   62.5733351972983343
       923   38.1173158800802270   56.3152907382144861
       924   48.3818820037526649   47.8929689479747935
       925   56.8061839415791212   37.6298484891592295
       926   63.0662814588094918   25.9202338301612727
       927   66.9213715787479089   13.2141400672656175
       928   82.9169443573807854    0.0000000000000000
       929   81.3329097250474149  -16.0808355353960479
       930   76.6417564146478867  -31.5435018670477803
       931   69.0239242872900576  -45.7936589723802001
       932   58.7723513110476716  -58.2836639818243896
       933   46.2811625339067803  -68.5336160489367217
       934   32.0304765023823066  -76.1497678071555981
       935   16.5679313406261421  -80.8396061511619592
       936    0.4876469219247478  -82.4230414551614103
       937  -15.5925749871528332  -80.8392921723150693
       938  -31.0549508446558065  -76.1492086734485270
       939  -45.3054201797611427  -68.5329454791858979
       940  -57.7964546413205795  -58.2830618870369790
       941  -68.0480962383524570  -45.7933027069472871
       942  -75.6664036041146915  -31.5434779664596050
       943  -80.3585208170057683  -16.0810158254984792
       944  -81.9431941330550160    0.0000000000000000
       945  -80.3585208170057683   16.0810158254984792
       946  -75.6664036041146915   31.5434779664596050
       947  -68.0480962383524570   45.7933027069472871
       948  -57.7964546413205795   58.2830618870369790
       949  -45.3054201797611427   68.5329454791858979
       950  -31.0549508446558065   76.1492086734485270
       951  -15.5925749871528332   80.8392921723150693
       952    0.4876469219247478   82.4230414551614103
       953   16.5679313406261421   80.8396061511619592
       954   32.0304765023823066   76.1497678071555981
       955   46.2811625339067803   68.5336160489367217
       956   58.7723513110476716   58.2836639818243896
       957   69.0239242872900576   45.7936589723802001
       958   76.6417564146478867   31.5435018670477803
       959   81.3329097250474149   16.0808355353960479
       960  100.7987040180463651    0.0000000000000000
       961   98.8711247392697317  -19.5694545888870017
       962   93.1625188890168374  -38.3867261436578104
       963   83.8923827938244386  -55.7285910691531683
       964   71.4171004397316551  -70.9285985826486609
       965   56.2162087419136398  -83.4026815049809898
       966   38.8739344968850844  -92.6715791163632048
       967   20.0567259252202916  -98.3792178823340890
       968    0.4876469821740174 -100.3063572972233999
       969  -19.0813863566169211  -98.3789888031892019
       970  -37.8984714114924230  -92.6711711714200419
       971  -55.2405875656570373  -83.4021922547120766
       972  -70.4413666858867202  -70.9281592888129353
       973  -82.9166991118648582  -55.7283311279069977
       974  -92.1871819383181901  -38.3867086921678435
       975  -97.8964910371556556  -19.5695861166619025
       976  -99.8245362882264402    0.0000000000000000
       977  -97.8964910371556556   19.5695861166619025
       978  -92.1871819383181901   38.3867086921678435
       979  -82.9166991118648582   55.7283311279069977
       980  -70.4413666858867202   70.9281592888129353
       981  -55.2405875656570373   83.4021922547120766
       982  -37.8984714114924230   92.6711711714200419
       983  -19.0813863566169211   98.3789888031892019
       984    0.4876469821740174  100.3063572972233999
       985   20.0567259252202916   98.3792178823340890
       986   38.8739344968850844   92.6715791163632048
       987   56.2162087419136398   83.4026815049809898
       988   71.4171004397316551   70.9285985826486609
       989   83.8923827938244386   55.7285910691531683
       990   93.1625188890168374   38.3867261436578104
       991   98.8711247392697317   19.5694545888870017
       992  122.5600027183855900    0.0000000000000000
       993  120.2143450271948808  -23.8149271202579307
       994  113.2675451101258517  -46.7145831692799760
       995  101.9866292599249107  -67.8188997794713089
       996   86.8051924195439000  -86.3168429610806669
       997   68.3067139125357130 -101.4975803891672683
       998   47.2021156041176653 -112.7777859281610660
       999   24.3024322693708896 -119.7240362230199651
      1000    0.4876470228554904 -122.0694461294140041
      1001  -23.3271131876003182 -119.7239104867391575
      1002  -46.2267287134464340 -112.7775620178866092
      1003  -67.3312402301491204 -101.4973118541763881
      1004  -85.8296569282938151  -86.3166018518472242
      1005 -101.0111212423699953  -67.8187571193557091
      1006 -112.2922274140022125  -46.7145736121260171
      1007 -119.2394133588862246  -23.8149993317800970
      1008 -121.5853268351659437    0.0000000000000000
      1009 -119.2394133588862246   23.8149993317800970
      1010 -112.2922274140022125   46.7145736121260171
      1011 -101.0111212423699953   67.8187571193557091
      1012  -85.8296569282938151   86.3166018518472242
      1013  -67.3312402301491204  101.4973118541763881
      1014  -46.2267287134464340  112.7775620178866092
      1015  -23.3271131876003182  119.7239104867391575
      1016    0.4876470228554904  122.0694461294140041
      1017   24.3024322693708896  119.7240362230199651
      1018   47.2021156041176653  112.7777859281610660
      1019   68.3067139125357130  101.4975803891672683
      1020   86.8051924195439000   86.3168429610806669
      1021  101.9866292599249107   67.8188997794713089
      1022  113.2675451101258517   46.7145831692799760
      1023  120.2143450271948808   23.8149271202579307
      1024  149.0425057638973954    0.0000000000000000
      1025  146.1880658066450565  -28.9814559657161723
      1026  137.7344404630492534  -56.8491708344906073
      1027  124.0064978149214596  -82.5322039540529317
      1028  105.5317950015668202 -105.0435707665049279
      1029   83.0203044940533914 -123.5181720698837466
      1030   57.3371302505829163 -137.2460392965021470
      1031   29.4692622559878750 -145.6996182059183411
      1032    0.4876470503433136 -148.5540424992601061
      1033  -28.4939681466734314 -145.6996182499069050
      1034  -56.3618361161291190 -137.2460393768030826
      1035  -82.0450103227119030 -123.5181721753992861
      1036 -104.5565007867231344 -105.0435708810794324
      1037 -123.0312035553142209  -82.5322040593955677
      1038 -136.7591461671751745  -56.8491709155043026
      1039 -145.2127714862226071  -28.9814560098685590
      1040 -148.0672114352181268    0.0000000000000000
      1041 -145.2127714862226071   28.9814560098685590
      1042 -136.7591461671751745   56.8491709155043026
      1043 -123.0312035553142209   82.5322040593955677
      1044 -104.5565007867231344  105.0435708810794324
      1045  -82.0450103227119030  123.5181721753992861
      1046  -56.3618361161291190  137.2460393768030826
      1047  -28.4939681466734314  145.6996182499069050
      1048    0.4876470503433136  148.5540424992601061
      1049   29.4692622559878750  145.6996182059183411
      1050   57.3371302505829163  137.2460392965021470
      1051   83.0203044940533914  123.5181720698837466
      1052  105.5317950015668202  105.0435707665049279
      1053  124.0064978149214596   82.5322039540529317
      1054  137.7344404630492534   56.8491708344906073
      1055  146.1880658066450565   28.9814559657161723
