        72
         0    1.0089304115000000    0.0000000000000000
         1    0.8328789375014886   -0.0225172363763241
         2    0.4716038756125589   -0.0546414765111291
         3    0.1407339811708816   -0.0524621884352772
         4    0.0000000000000000    0.0000000000000000
         5    0.1407339811708816    0.0524621884352772
         6    0.4716038756125589    0.0546414765111291
         7    0.8328789375014886    0.0225172363763241
         8    1.2041604527181402    0.0000000000000000
         9    0.9880434221038331   -0.3562392389999535
        10    0.4842307403641732   -0.5031444194023685
        11   -0.0117151811615939   -0.3614835965374488
        12   -0.2250108947752850    0.0000000000000000
        13   -0.0117151811615939    0.3614835965374488
        14    0.4842307403641732    0.5031444194023685
        15    0.9880434221038331    0.3562392389999535
        16    1.8734857624347923    0.0000000000000000
        17    1.4635452799390651   -0.9109679816058902
        18    0.4869360622618339   -1.2836355711568554
        19   -0.4869595400339078   -0.9109972287663628
        20   -0.9001093243578568    0.0000000000000000
        21   -0.4869595400339078    0.9109972287663628
        22    0.4869360622618339    1.2836355711568554
        23    1.4635452799390651    0.9109679816058902
        24    3.4406960876371353    0.0000000000000000
        25    2.5721352381554379   -2.0550551448331489
        26    0.4874995998494865   -2.9009449563000271
        27   -1.5955238529973688   -2.0540132820052728
        28   -2.4684860055544346    0.0000000000000000
        29   -1.5955238529973688    2.0540132820052728
        30    0.4874995998494865    2.9009449563000271
        31    2.5721352381554379    2.0550551448331489
        32    6.9218815105074167    0.0000000000000000
        33    5.0338586460791959   -4.5328276940517878
        34    0.4876164898623500   -6.4050344561084156
        35   -4.0572714278058637   -4.5315920299138366
        36   -5.9498408489496253    0.0000000000000000
        37   -4.0572714278058637    4.5315920299138366
        38    0.4876164898623500    6.4050344561084156
        39    5.0338586460791959    4.5328276940517878
        40   14.5768525099013679    0.0000000000000000
        41   10.4469407483970080   -9.9531988810318079
        42    0.4876407477350269  -14.0708585809009570
        43   -9.4704217824421590   -9.9519860920169698
        44  -13.6046851826249355    0.0000000000000000
        45   -9.4704217824421590    9.9519860920169698
        46    0.4876407477350269   14.0708585809009570
        47   10.4469407483970080    9.9531988810318079
        48   31.3753097743681089    0.0000000000000000
        49   22.3256558321461398  -21.8352314393812108
        50    0.4876457858342947  -30.8752211734748059
        51  -21.3492896282510785  -21.8341619562941744
        52  -30.4027609060270052    0.0000000000000000
        53  -21.3492896282510785   21.8341619562941744
        54    0.4876457858342947   30.8752211734748059
        55   22.3256558321461398   21.8352314393812108
        56   68.2231079989749389    0.0000000000000000
        57   48.3818820037526649  -47.8929689479747935
        58    0.4876468327051940  -67.7278226702891573
        59  -47.4058514643857478  -47.8922331531618255
        60  -67.2497007644966374    0.0000000000000000
        61  -47.4058514643857478   47.8922331531618255
        62    0.4876468327051940   67.7278226702891573
        63   48.3818820037526649   47.8929689479747935
        64  149.0425057638973954    0.0000000000000000
        65  105.5317950015668202 -105.0435707665049279
        66    0.4876470503433136 -148.5540424992601061
        67 -104.5565007867231344 -105.0435708810794324
        68 -148.0672114352181268    0.0000000000000000
        69 -104.5565007867231344  105.0435708810794324
        70    0.4876470503433136  148.5540424992601061
        71  105.5317950015668202  105.0435707665049279
