150 800
951 811 36 223 473 886 792 159 342 813 277 769 419 908 46 340 161 511 395 295 52 412 807 514 945 246 770 97 668 389 108 77 794 97 575 532 335 565 812 541 277 863 962 426 294 670 140 753 664 127 700 657 426 94 709 142 53 593 388 151 485 254 246 350 182 114 569 798 983 227 496 866 928 144 342 43 889 487 15 577 808 515 338 165 562 783 844 334 12 757 140 471 576 503 261 915 743 389 501 950 332 70 119 34 897 882 959 95 642 200 450 255 393 218 695 944 673 75 345 945 661 265 733 544 926 763 316 648 77 378 823 389 152 431 604 513 404 940 620 554 368 200 177 639 488 777 987 540 381 667
377 484 774 631 535 87 488 443 435 707 411 152 744 453 247 257 338 71 993 71 250 917 499 455 768 296 198 530 174 501 28 941 73 977 900 726 556 189 547 894 517 952 490 339 269 108 886 830 251 762 488 423 998 462 579 798 762 49 697 690 131 204 231 813 736 64 449 405 671 703 341 813 591 622 733 311 495 910 482 727 131 161 219 281 586 776 6 454 55 783 498 648 59 935 684 831 282 378 31 389 99 887 928 901 327 253 628 620 142 205 525 49 199 853 471 77 912 511 26 828 533 482 980 541 148 215 216 516 941 139 36 384 131 293 302 771 795 859 385 692 351 591 761 888 927 162 201 638 905 410
977 530 950 536 156 65 496 388 98 958 196 23 481 460 109 918 766 104 470 342 835 760 718 610 625 41 109 143 2 684 624 565 778 664 68 287 709 539 273 440 598 658 988 269 84 677 650 582 545 59 497 179 575 53 589 711 917 989 192 813 311 582 614 939 678 357 39 825 255 215 134 83 784 627 154 43 617 959 124 580 658 927 193 335 372 241 598 453 739 108 833 635 874 346 506 129 246 542 40 32 874 848 889 83 583 729 129 44 478 224 387 570 33 38 814 441 813 114 454 956 670 147 729 258 452 892 871 391 614 989 152 892 882 501 410 842 85 274 892 368 536 756 752 716 882 924 552 212 199 528
988 606 199 942 685 503 794 528 320 894 970 586 500 22 855 617 804 220 100 866 155 613 217 833 218 74 305 716 809 125 701 589 435 10 408 386 939 591 838 720 864 244 302 878 633 489 907 326 823 622 963 494 822 247 839 601 951 243 176 814 690 340 755 92 982 204 898 651 730 635 177 79 503 252 393 841 157 841 207 12 532 324 586 881 672 213 200 204 6 249 247 781 774 872 712 214 549 98 971 658 117 372 775 624 94 947 61 919 624 412 766 128 223 49 771 73 316 791 416 157 312 690 525 510 117 12 739 447 840 187 64 793 60 152 921 271 442 842 653 305 659 872 445 252 578 804 759 292 388 706
4 971 892 126 883 628 512 6 968 788 622 504 429 882 729 170 445 594 658 455 789 474 349 20 243 408 88 948 40 20 990 493 226 28 344 722 935 152 998 973 894 177 273 822 56 405 81 951 184 823 759 71 352 963 875 839 816 629 715 530 409 354 391 103 668 718 569 139 148 399 616 76 24 189 569 109 866 972 687 87 687 89 523 764 740 404 393 783 249 764 807 867 263 595 975 768 80 796 747 676 218 139 424 953 783 970 723 237 129 35 790 225 177 938 592 655 347 809 175 333 87 548 265 368 171 94 431 103 467 25 566 660 679 6 751 378 652 421 678 926 157 869 639 295 771 64 819 437 315 100
985 796 604 916 959 620 668 346 208 479 419 43 699 90 777 155 706 197 577 647 642 957 226 777 53 3 933 331 876 137 524 890 715 344 328 560 386 710 314 336 203 620 704 492 530 527 586 166 937 491 615 634 886 621 759 572 247 562 189 4 106 136 835 517 273 323 819 747 596 811 3 134 713 472 99 392 135 236 377 205 643 0 832 196 776 427 756 292 897 677 93 264 624 432 584 326 713 792 688 384 347 4 515 738 626 311 483 770 507 577 238 431 827 805 454 159 67 52 478 170 466 785 433 953 670 157 325 201 617 324 876 326 526 366 322 169 873 103 169 532 33 649 939 648 812 236 269 803 445 551
373 854 778 533 694 574 209 348 824 348 734 56 176 947 812 288 645 819 122 114 495 593 222 177 47 220 992 57 270 543 310 803 261 873 831 522 772 546 792 958 298 326 858 986 10 945 589 65 758 40 723 773 655 250 687 660 307 221 846 885 560 878 825 219 762 365 874 284 936 703 646 124 915 328 969 514 450 410 118 719 546 995 905 777 794 812 362 755 245 850 197 860 499 572 198 702 975 41 728 524 37 42 36 688 531 718 607 251 492 142 945 76 310 744 222 456 338 468 994 926 45 78 718 571 104 94 228 839 414 403 357 602 976 732 868 957 686 808 517 60 587 204 566 103 820 602 253 384 584 422
855 331 666 567 690 229 701 310 92 366 185 219 689 266 405 355 531 724 849 893 524 356 407 744 347 481 624 720 542 235 538 265 733 964 206 817 16 89 815 415 385 867 416 238 683 645 703 413 12 534 906 532 670 651 875 54 688 433 601 939 798 897 999 598 151 48 527 579 476 123 333 126 412 727 940 165 660 475 174 79 244 199 908 82 598 354 436 889 433 809 770 880 341 828 896 915 850 678 117 511 235 942 893 123 725 341 223 875 865 593 521 197 705 567 61 479 186 824 586 20 541 410 341 288 799 674 879 721 510 708 212 83 603 968 539 729 918 562 549 886 292 665 549 532 274 535 973 270 430 655
640 60 997 570 27 636 51 121 150 915 734 895 163 741 44 861 616 857 659 411 446 76 759 177 130 269 333 319 141 895 578 237 762 518 979 983 593 955 429 12 558 411 272 291 51 303 438 188 925 192 991 26 368 660 218 667 419 772 120 970 701 219 514 547 237 118 274 783 665 939 158 703 925 18 500 889 564 627 582 348 115 637 859 870 628 399 342 211 309 575 332 137 416 318 392 197 996 359 941 876 787 289 55 673 643 563 148 504 102 513 955 743 341 993 913 182 575 78 334 159 145 641 974 92 923 506 518 736 388 331 224 511 723 304 478 389 504 265 274 923 158 860 726 201 156 902 539 685 29 223
1 121 691 857 465 988 220 619 486 191 209 777 726 119 16 729 518 412 793 370 496 294 930 74 11 652 666 36 153 534 958 69 79 201 334 789 993 375 421 549 563 874 974 405 812 387 792 845 446 761 618 14 468 770 185 729 383 46 925 535 740 528 408 784 803 482 553 681 106 979 734 23 318 418 438 458 281 585 816 820 413 517 503 362 605 394 390 465 631 532 586 694 643 557 689 934 723 763 625 707 584 701 716 641 509 87 378 519 283 149 796 299 392 692 221 973 65 249 64 157 765 873 802 900 606 310 800 204 783 541 591 472 520 900 761 149 219 317 611 579 478 510 944 254 376 332 884 432 974 845
411 313 283 124 373 827 60 228 112 371 639 252 466 761 688 898 844 982 233 514 270 350 455 171 774 70 825 881 276 226 902 759 177 734 672 556 149 867 669 709 300 522 226 754 703 542 140 751 514 35 681 103 331 830 395 36 164 900 359 791 445 869 593 530 774 422 169 825 675 823 111 558 520 519 590 57 901 218 57 267 139 708 912 830 385 110 990 993 660 249 710 381 535 275 945 802 646 739 773 397 90 848 128 700 845 726 947 317 771 124 857 270 395 174 634 299 660 450 600 736 27 831 914 951 874 390 228 708 891 809 498 220 284 628 809 123 939 974 10 64 345 282 538 119 14 925 298 782 302 577
677 852 63 650 756 136 314 61 576 522 122 180 888 650 289 828 133 92 993 784 566 695 441 400 292 470 775 541 729 258 894 259 427 144 650 358 472 522 817 169 700 542 592 731 770 617 932 773 759 597 904 832 285 199 372 123 350 300 744 735 10 719 230 118 721 215 55 840 692 504 287 1 875 234 559 824 267 53 733 393 62 56 706 675 802 154 909 536 87 165 774 625 620 708 347 689 265 293 498 62 632 397 664 875 162 629 903 719 56 568 58 407 434 277 248 715 30 953 490 909 372 726 242 274 810 124 790 734 13 311 944 170 548 797 255 16 894 955 998 223 877 363 516 766 809 654 129 421 742 294
691 707 176 505 46 466 243 269 138 810 834 238 167 826 429 186 325 689 389 535 826 607 286 413 604 333 464 624 878 802 378 915 926 835 419 912 848 740 878 144 786 77 421 658 56 810 942 803 934 565 945 931 349 753 674 882 615 833 56 372 377 118 130 578 416 138 74 504 562 677 99 997 962 368 465 594 165 861 629 744 16 352 51 326 123 567 518 801 781 30 910 785 555 863 254 305 403 157 524 506 104 423 104 122 1 494 63 596 524 773 354 328 732 673 880 176 171 637 894 990 676 177 562 654 308 968 646 864 604 126 155 575 382 482 536 906 878 815 386 62 692 742 1000 705 37 186 0 95 97 135
231 227 862 694 548 130 683 287 660 502 930 224 220 817 538 738 364 127 970 48 595 822 61 955 411 718 535 968 370 1000 456 983 326 678 792 111 442 429 310 306 183 936 443 76 933 57 444 745 25 504 89 335 1 965 419 440 597 11 554 128 549 499 371 248 599 562 958 261 149 783 80 117 955 579 572 506 824 350 444 255 801 490 757 555 489 917 747 158 169 394 488 702 188 537 404 812 600 79 287 708 446 646 80 637 137 35 574 533 343 752 345 2 452 324 723 885 171 775 277 350 46 446 381 761 751 284 670 268 774 582 799 444 765 148 768 77 137 830 241 627 712 333 665 734 105 327 747 615 313 879
803 128 394 384 769 797 491 280 210 88 463 999 495 827 243 801 407 665 681 394 871 208 25 449 119 493 386 451 614 213 493 647 228 323 824 164 760 344 684 824 605 22 170 503 517 764 3 447 747 609 127 304 471 397 606 251 372 149 800 77 419 639 16 652 379 580 839 853 378 860 98 613 845 757 64 444 542 153 702 471 952 322 47 763 224 16 604 461 20 187 369 60 82 904 586 950 55 700 532 224 144 847 731 642 450 827 741 510 429 574 312 248 783 895 42 337 200 842 853 379 847 728 517 31 131 887 208 661 336 235 530 633 917 227 776 337 834 766 232 158 126 222 170 849 27 805 813 944 319 102
969 155 304 823 197 943 719 398 368 797 139 337 189 116 978 977 860 953 927 520 263 286 813 101 261 996 182 898 485 81 557 233 705 306 264 977 283 866 901 492 437 341 21 849 46 759 367 990 515 208 38 102 762 152 303 457 760 264 382 599 176 321 417 875 555 481 7 935 197 38 162 30 341 577 239 646 508 299 476 214 908 184 983 498 617 550 693 471 823 542 581 388 822 37 635 124 604 477 470 713 799 166 185 498 476 669 52 240 802 995 876 22 817 463 440 825 689 232 261 193 624 727 982 517 240 395 141 37 629 506 732 883 512 968 883 60 871 487 278 616 172 726 410 841 859 516 578 740 66 581
619 738 652 683 718 977 462 584 276 378 457 713 765 99 717 971 664 885 603 692 99 328 325 365 531 21 970 353 919 92 576 533 108 715 240 447 786 723 294 307 250 621 564 942 422 889 378 563 965 699 464 60 119 850 124 378 885 973 126 407 458 841 542 753 451 922 369 682 222 141 144 512 855 198 926 752 685 673 931 289 19 605 878 65 667 160 540 692 149 531 332 678 34 197 794 51 649 283 693 376 536 771 92 379 426 8 123 682 150 62 411 399 885 145 57 704 352 596 843 798 121 589 837 124 944 45 924 65 134 35 841 806 390 266 212 555 56 160 698 772 783 376 848 643 717 612 430 577 872 943
50 118 53 974 618 308 811 593 798 173 167 168 951 732 531 629 139 638 54 977 747 326 897 436 886 324 293 615 293 220 66 778 625 615 239 567 106 281 706 278 315 675 487 114 461 858 970 667 899 917 659 245 780 930 409 589 676 592 790 892 736 682 226 71 418 646 854 687 168 729 514 931 415 208 210 684 152 531 411 718 969 350 0 719 822 717 328 996 11 993 800 372 800 349 644 23 868 82 36 710 326 362 551 173 336 426 979 255 433 702 939 621 607 809 313 868 766 887 495 158 705 267 616 493 900 31 422 166 444 663 231 950 243 560 434 85 123 919 363 212 886 122 940 935 422 553 397 880 974 469
581 708 224 395 748 761 479 290 530 702 347 607 771 780 443 258 198 105 392 383 510 636 49 802 289 406 192 976 327 910 129 342 329 432 582 901 702 563 937 10 106 101 453 475 716 14 295 93 667 191 331 52 38 239 468 714 781 691 938 583 422 585 342 499 45 558 460 390 1 235 782 239 18 949 506 278 941 529 237 794 65 224 964 360 195 558 974 747 807 323 241 231 446 751 498 564 344 288 600 358 464 373 54 259 667 33 571 839 470 140 254 822 896 671 659 873 251 387 229 910 287 938 822 611 80 475 865 559 141 577 435 233 724 393 990 919 36 700 725 401 67 731 608 263 47 483 885 454 147 471
521 786 853 735 354 986 630 299 939 921 896 166 975 673 8 352 932 211 10 437 7 492 70 623 810 973 172 264 223 693 402 442 793 237 274 202 539 172 987 735 556 766 103 871 935 113 161 4 499 106 920 726 614 28 477 209 853 960 298 670 624 573 252 5 943 357 143 88 426 780 841 22 235 411 41 102 127 570 915 119 1 625 349 132 341 683 286 825 687 35 698 66 916 400 59 386 356 678 806 616 987 695 143 124 791 135 760 659 87 680 419 42 102 171 195 656 285 489 80 875 949 703 10 441 564 971 955 5 702 621 535 956 930 815 820 981 173 199 326 753 965 3 12 513 734 109 974 319 792 706
865 208 935 297 604 553 683 997 740 431 971 203 973 946 781 35 726 9 584 109 316 296 650 573 248 721 265 598 368 16 642 924 153 750 834 378 198 348 288 777 37 558 761 990 801 59 194 484 869 857 818 140 561 432 162 686 167 624 913 662 41 607 510 428 307 367 201 370 733 612 812 122 689 48 826 300 678 628 534 6 860 396 873 91 135 313 284 959 825 515 411 527 693 258 652 810 119 4 689 459 481 876 857 527 405 24 858 660 416 305 688 903 633 986 798 315 606 140 444 619 61 827 922 194 357 44 856 823 655 55 19 726 423 577 207 591 665 1000 530 506 413 796 141 911 405 960 798 975 518 441
847 58 530 202 202 276 965 789 635 499 333 987 217 545 860 466 89 695 864 73 788 141 335 814 298 443 885 389 586 564 147 599 864 626 971 806 20 67 147 155 677 503 269 220 84 223 285 260 675 921 715 367 389 939 43 313 53 70 737 75 985 674 485 644 661 679 733 889 821 880 294 2 540 746 857 251 929 891 500 554 847 224 900 712 690 793 779 950 615 260 296 806 780 10 485 276 87 881 552 596 634 620 853 966 597 246 610 32 539 644 986 978 202 862 963 587 691 828 587 806 569 359 526 851 823 658 557 153 804 746 571 40 249 616 891 314 231 238 244 594 416 936 516 598 314 58 465 312 321 348
6 356 209 829 231 720 383 599 309 421 673 442 619 606 624 702 898 35 288 534 19 922 249 218 28 585 239 934 384 480 984 46 996 692 103 732 520 156 750 480 540 495 385 834 732 517 552 540 844 188 764 130 323 81 643 836 746 110 277 673 758 650 341 452 109 985 917 469 517 395 87 625 483 95 351 782 929 652 577 205 481 491 758 74 506 599 93 163 537 510 980 952 591 283 360 642 938 212 481 760 325 658 532 308 300 526 829 695 234 602 157 11 905 171 667 571 973 81 218 999 541 689 408 607 0 932 596 187 781 124 118 883 234 908 552 264 823 206 310 320 957 990 82 594 352 56 631 341 518 97
234 207 32 779 644 561 615 678 737 366 580 464 210 157 187 847 544 459 550 457 155 797 209 30 137 232 265 923 228 238 910 298 683 610 541 46 546 994 224 824 392 610 101 437 20 681 491 171 689 105 883 532 474 953 684 345 17 436 593 84 425 101 732 798 409 125 217 50 759 765 683 826 134 210 365 431 766 315 775 69 51 928 628 895 262 849 681 26 491 770 345 244 770 871 465 797 789 165 454 47 975 89 50 489 787 276 324 986 938 919 207 975 938 681 732 758 784 582 375 948 822 935 400 586 840 945 831 461 204 269 755 650 438 459 1 398 964 932 798 12 872 835 956 564 492 916 279 862 204 331
348 330 424 95 563 116 936 795 369 42 777 4 847 733 709 813 467 614 861 777 650 265 572 623 897 10 554 998 736 508 478 653 359 556 786 460 867 264 30 819 285 260 340 98 53 593 667 962 540 606 298 588 221 58 780 50 582 485 757 370 440 838 477 32 368 229 630 111 129 724 965 460 529 924 667 840 914 355 773 264 618 442 6 270 10 238 297 323 447 906 885 71 343 372 378 680 813 495 329 81 762 546 894 558 136 811 951 712 45 626 578 545 809 230 167 65 604 399 555 572 273 940 471 506 11 785 296 578 132 594 572 685 819 488 982 968 814 791 529 289 268 407 480 268 576 804 204 6 854 358
437 589 901 253 653 453 861 942 165 780 541 684 278 94 311 608 348 415 776 203 865 378 969 249 737 964 641 659 825 616 314 874 350 809 190 15 275 343 652 178 879 959 53 901 765 174 755 103 269 606 832 483 770 407 720 658 720 897 129 147 306 867 918 610 548 552 236 646 239 764 235 837 665 203 758 670 155 557 983 414 616 592 725 34 889 68 147 754 424 993 975 911 40 381 908 365 696 502 826 816 108 236 546 43 726 66 342 272 54 970 193 561 557 375 716 359 416 213 52 177 230 5 563 573 318 889 17 535 701 446 152 703 960 224 840 743 123 864 867 657 453 817 262 744 501 772 421 434 86 988
775 249 911 950 635 673 374 929 905 833 775 257 778 486 486 406 195 981 905 221 791 504 901 11 297 185 296 523 901 332 391 228 814 373 889 763 435 861 677 803 826 262 761 132 845 103 349 186 250 435 494 873 244 538 917 47 440 224 675 652 995 104 61 102 694 697 747 235 111 328 463 782 572 336 703 74 535 248 784 469 196 200 324 707 554 93 658 334 926 663 948 77 909 899 797 0 87 18 987 180 364 503 536 557 650 544 669 633 789 621 445 666 25 816 717 66 19 926 831 774 387 359 954 471 52 343 237 678 177 942 37 858 344 986 297 949 708 74 818 883 257 431 517 971 19 553 23 297 932 276
857 589 411 74 255 372 125 167 197 642 280 284 513 646 807 737 44 856 219 784 725 663 524 148 62 871 495 943 0 543 855 185 291 406 341 565 583 543 456 80 138 803 710 739 724 967 503 517 505 459 415 414 952 64 557 502 626 916 796 560 449 794 146 55 484 579 337 929 534 584 586 897 900 354 901 773 435 455 838 574 631 683 462 67 867 159 430 734 83 735 535 58 98 187 731 465 496 773 682 197 516 789 108 909 674 926 771 791 871 385 766 582 633 890 893 920 717 994 278 97 750 301 90 446 738 551 126 231 265 790 329 185 948 259 754 520 234 965 343 543 980 339 938 832 278 841 288 195 951 815
513 611 729 449 348 626 600 204 721 726 20 649 719 583 698 264 729 111 414 385 613 778 940 137 105 664 424 899 207 385 787 564 282 56 516 644 692 170 996 7 291 435 946 919 826 298 791 849 301 179 835 455 666 150 917 1 766 164 813 478 370 716 37 606 183 230 849 993 251 358 200 655 780 775 98 290 469 54 344 696 639 698 879 939 44 384 75 986 66 98 106 755 82 868 177 720 225 446 815 515 389 456 582 225 323 156 572 410 867 235 771 237 894 757 922 491 371 671 836 645 948 98 181 618 925 950 668 329 38 287 197 661 450 248 991 981 521 296 909 961 439 978 222 10 542 431 809 296 211 334
385 958 549 104 666 872 675 715 526 990 339 601 85 70 751 823 388 411 961 780 771 984 869 518 287 274 969 908 583 959 193 733 432 502 853 54 733 694 494 30 147 125 642 758 718 601 826 601 735 536 996 880 851 465 404 785 936 864 305 862 459 649 376 422 220 876 588 819 134 337 356 599 375 13 217 147 594 582 914 620 121 452 768 612 35 163 414 247 717 306 517 85 55 492 872 554 784 371 377 390 498 81 727 928 826 18 307 930 821 342 711 64 153 126 480 56 827 686 193 5 203 175 739 359 870 206 704 543 458 896 136 323 866 443 497 548 453 79 589 38 717 968 355 52 584 449 925 915 0 817
23 139 689 707 863 581 5 2 938 967 637 144 725 422 477 624 159 484 379 441 881 430 667 325 675 662 200 529 252 327 527 103 469 298 137 657 378 141 151 719 38 726 783 28 845 679 820 219 244 976 956 648 108 584 221 324 680 217 956 243 2 935 729 678 943 551 373 410 451 548 809 215 494 451 684 339 188 461 912 169 997 443 92 768 517 258 449 436 304 822 351 32 374 193 706 338 506 479 532 345 267 305 768 16 684 161 966 679 843 955 845 965 307 713 825 890 129 483 545 458 401 134 73 953 750 937 990 881 924 519 755 440 619 36 837 198 996 167 847 629 932 845 573 99 894 481 137 848 464 819
673 534 984 410 876 966 473 190 466 674 976 558 137 135 738 862 816 535 191 235 147 174 522 261 956 776 733 38 33 214 490 853 79 417 720 775 714 497 870 234 539 493 3 782 922 442 386 23 730 890 30 987 554 376 769 964 41 860 739 238 857 532 846 951 437 987 675 761 128 225 524 918 541 595 726 766 946 306 190 763 303 853 134 560 120 294 316 781 616 80 694 715 865 801 294 260 453 18 305 91 877 135 802 219 404 47 287 820 339 215 231 445 688 636 103 519 30 161 948 299 986 492 430 353 45 210 439 960 716 197 702 709 822 813 629 67 572 312 564 586 469 58 877 937 438 215 892 6 607 805
482 800 21 169 262 12 193 129 689 759 806 386 80 57 61 994 508 396 164 69 727 880 137 240 874 228 743 719 415 152 569 318 928 449 447 167 663 489 228 338 460 649 639 139 529 617 313 361 800 462 393 299 35 788 24 39 680 314 901 70 429 732 543 988 880 736 379 725 198 744 768 514 650 909 76 476 999 687 550 596 244 409 227 610 906 10 389 216 55 318 46 885 642 74 819 459 166 161 117 715 705 367 947 968 340 350 774 888 546 414 882 670 738 79 310 819 206 457 11 880 897 867 131 601 82 215 359 170 756 176 187 354 726 298 490 630 764 821 284 612 828 76 691 397 354 78 118 778 819 90
392 589 324 715 147 883 721 310 61 11 897 368 626 152 183 799 34 283 512 956 408 145 844 618 14 232 619 87 383 457 443 24 195 721 17 629 609 252 335 286 261 261 525 902 522 120 316 668 699 50 2 178 803 12 930 428 178 315 38 427 754 271 653 865 950 78 809 502 275 990 630 752 496 747 909 209 812 220 860 716 905 128 185 950 829 781 0 374 682 771 869 873 709 657 199 303 989 749 510 738 133 265 603 155 511 277 549 924 311 72 471 482 448 773 511 271 652 326 43 85 331 257 143 715 728 906 569 968 652 217 7 875 621 542 165 189 519 311 330 71 13 910 417 203 824 538 136 437 603 354
861 483 624 765 948 75 699 242 789 512 729 725 596 461 105 208 11 450 709 879 920 510 623 780 499 36 792 754 389 30 770 161 63 564 380 658 942 469 591 151 482 963 157 879 566 179 615 472 730 341 5 758 413 616 347 1000 238 527 201 271 480 178 861 654 316 432 629 984 133 618 362 958 172 313 967 514 38 225 810 506 180 238 75 895 240 223 940 859 301 327 61 438 464 52 298 615 825 581 742 6 909 514 132 657 843 368 476 805 56 935 214 833 107 888 589 78 307 811 986 578 186 169 863 341 456 619 578 221 87 426 816 17 299 735 589 993 739 840 741 621 918 654 694 974 5 68 729 862 404 943
445 508 150 79 150 289 84 638 866 809 882 88 306 375 511 5 661 787 422 690 247 142 764 871 179 334 246 499 947 734 847 959 443 585 389 856 339 548 211 920 854 889 508 422 914 809 697 9 427 517 82 729 861 718 416 590 650 348 437 994 973 548 380 906 305 36 472 781 793 325 890 819 862 415 287 303 715 960 981 458 285 148 87 454 21 973 462 958 357 871 44 870 75 186 328 733 855 334 17 593 140 6 578 990 192 303 300 155 546 183 735 398 367 210 791 152 190 175 596 136 300 816 261 607 571 490 991 730 945 398 628 709 848 643 599 388 729 193 381 738 641 599 101 780 198 126 586 237 545 842
199 435 961 53 124 749 578 428 294 208 257 49 67 691 40 681 856 518 790 467 361 174 509 382 767 267 622 794 217 849 927 598 184 680 271 547 884 69 31 521 693 451 333 719 694 967 576 956 789 936 232 517 562 234 73 317 988 303 955 412 327 697 36 291 77 846 852 746 619 971 940 515 315 890 872 395 141 802 361 916 594 1 806 259 540 870 53 591 864 422 409 562 270 153 883 350 354 926 481 226 109 145 890 303 364 551 263 833 245 513 928 120 677 877 751 907 76 993 598 846 866 813 754 535 162 602 473 393 30 65 825 586 951 485 813 98 767 742 384 5 229 948 248 965 372 780 654 976 424 509
168 473 603 135 230 914 190 28 768 91 499 930 415 583 925 231 987 858 76 990 634 810 132 193 815 672 901 483 551 562 797 602 675 162 856 581 720 396 166 869 868 277 613 335 880 527 614 391 298 955 616 227 227 18 490 554 955 524 583 66 277 852 115 263 859 700 843 186 155 882 332 98 468 304 25 125 415 925 275 386 751 99 884 235 732 487 267 768 402 351 299 915 72 892 0 74 925 16 753 397 187 795 419 586 550 662 775 292 515 364 955 967 224 515 197 330 860 605 35 476 123 264 208 976 432 602 14 241 428 484 510 883 100 667 948 678 329 830 123 360 951 665 855 365 481 361 599 299 509 2
404 947 382 639 698 251 209 45 156 875 407 463 809 597 977 964 787 50 452 391 644 1 998 263 954 702 428 402 999 593 49 502 704 38 65 357 607 559 969 944 601 522 764 105 377 97 110 166 962 802 439 393 555 924 910 859 876 647 625 935 579 763 869 324 917 423 256 285 682 523 587 445 700 951 902 395 511 99 676 99 704 798 386 958 309 986 651 299 5 325 39 956 441 146 155 541 852 56 46 14 292 834 110 136 215 180 609 450 844 299 641 508 762 262 905 140 431 581 873 729 861 471 62 592 504 810 945 782 583 897 619 843 388 743 850 315 821 765 190 71 368 432 930 893 953 629 325 41 602 257
136 979 704 841 761 766 657 736 406 182 124 875 561 11 715 816 740 504 840 325 854 536 719 585 840 580 972 632 136 167 997 600 397 203 417 864 388 124 156 260 382 597 366 112 440 194 276 935 938 215 239 328 340 650 688 764 709 59 445 650 688 37 874 350 728 779 616 556 146 205 275 762 182 45 247 396 620 224 42 548 676 973 877 125 811 44 3 705 827 559 236 303 130 48 408 787 299 439 20 672 189 869 206 599 620 419 195 890 339 88 916 170 368 571 990 228 980 721 356 939 602 875 3 295 616 585 781 350 604 674 71 114 887 961 203 302 301 438 799 112 27 156 942 135 956 600 938 846 497 854
669 102 976 449 3 513 744 374 516 516 936 361 799 592 329 242 991 7 169 851 746 151 877 669 767 595 518 204 200 662 584 834 625 505 88 701 146 363 257 102 65 927 117 668 939 525 87 561 403 148 291 891 997 136 664 473 359 773 117 106 615 873 917 569 440 940 194 604 303 377 986 274 648 761 479 187 306 204 225 272 294 394 899 982 221 958 825 5 961 461 907 867 876 464 758 30 889 748 827 519 862 46 47 320 335 365 84 328 407 197 553 912 678 836 679 687 477 233 770 531 305 778 480 405 270 750 342 53 576 130 210 266 530 924 289 958 387 124 208 963 312 3 137 123 132 429 313 919 137 534
458 625 77 160 474 766 679 145 511 380 465 716 931 463 394 964 990 805 845 595 64 312 770 967 64 826 448 676 269 390 76 850 219 910 630 623 424 135 813 207 594 962 650 370 846 93 224 118 799 235 357 873 784 91 578 427 442 638 529 571 837 320 98 308 827 42 936 253 864 105 711 915 544 504 381 260 252 347 25 186 938 496 278 224 639 901 201 132 664 553 539 785 423 384 614 148 813 946 810 966 676 193 480 196 322 266 335 170 302 691 852 902 646 58 998 963 528 866 640 891 916 859 303 102 89 924 580 936 45 295 365 501 702 607 291 718 528 110 147 60 665 201 853 279 876 237 529 571 695 530
545 482 934 312 958 115 343 396 670 36 547 257 727 679 586 261 620 913 288 795 179 886 443 143 588 214 238 44 350 78 711 998 589 815 16 563 846 157 174 79 713 334 567 470 993 897 884 45 742 264 387 526 547 656 340 799 574 322 200 305 484 689 703 323 86 330 280 825 672 492 352 30 369 199 903 282 447 884 411 341 474 838 649 756 392 750 72 545 96 36 532 12 841 656 829 154 856 662 168 798 901 754 958 281 62 712 470 237 21 698 849 785 167 61 577 227 410 480 34 187 265 949 1 942 801 406 4 621 342 542 211 843 400 636 177 300 161 129 125 807 7 980 595 286 954 761 232 274 621 903
215 533 314 409 320 511 55 921 885 481 986 961 36 403 349 828 345 695 409 605 737 380 15 453 867 298 233 442 369 368 398 887 365 225 164 370 343 888 690 353 88 511 836 570 622 680 382 202 227 161 605 159 505 496 191 677 51 330 426 819 821 920 738 422 404 817 225 475 510 352 525 915 674 142 425 344 812 551 991 258 569 694 531 901 534 328 675 41 313 712 955 600 130 318 787 187 95 106 453 413 546 909 698 992 871 361 882 484 70 746 169 807 877 36 142 492 656 424 314 26 443 618 494 520 436 238 615 358 954 710 651 503 405 141 507 529 56 844 302 576 493 270 320 907 466 388 985 874 497 687
625 697 960 326 467 619 604 184 243 678 415 895 33 548 468 330 489 651 983 351 365 1000 63 76 399 58 746 355 888 231 803 610 2 454 465 740 778 779 615 287 912 762 247 660 25 922 988 807 765 537 250 369 205 584 166 986 315 641 762 156 886 217 7 767 189 39 245 152 817 503 193 353 611 671 219 57 317 920 785 569 623 554 43 2 525 514 338 863 581 595 983 77 405 417 56 544 977 786 123 263 694 949 695 160 851 717 13 782 177 351 197 136 352 623 102 112 968 490 286 39 211 369 346 174 691 72 478 122 176 112 563 444 738 209 239 11 689 530 392 992 999 382 272 664 338 852 950 712 733 133
139 985 875 105 544 229 490 50 701 721 829 284 19 257 238 850 92 525 2 371 611 390 113 633 216 302 390 411 374 604 446 644 961 229 288 74 563 952 980 61 631 74 661 407 543 223 435 681 303 687 14 696 87 558 841 524 87 806 334 655 150 277 275 707 504 541 873 369 476 435 950 130 468 172 808 681 630 834 767 801 586 148 65 968 311 527 798 865 747 396 850 504 22 45 302 652 225 340 648 840 482 858 233 316 781 244 763 899 328 819 362 873 452 772 641 720 10 613 454 704 48 870 552 63 931 437 136 856 540 380 383 284 196 443 386 681 824 996 599 200 587 669 780 655 596 432 646 875 572 493
935 424 293 960 335 507 484 841 787 407 331 669 997 885 188 656 619 511 114 90 426 73 860 393 6 788 531 58 925 298 699 538 80 82 919 946 955 197 693 394 777 5 711 636 207 897 775 662 977 786 248 888 105 600 959 542 697 824 468 942 41 621 329 384 749 9 446 514 865 63 948 126 517 125 23 563 428 591 57 32 770 897 975 430 208 964 156 473 669 508 453 270 301 297 801 772 373 651 683 871 308 229 240 351 918 418 112 251 923 437 215 692 255 618 516 674 231 196 536 864 644 314 751 940 23 922 268 616 766 664 160 96 650 885 646 303 260 372 822 947 200 542 41 130 567 326 138 979 53 178
596 483 244 222 477 591 69 790 362 342 176 262 836 761 965 416 51 38 316 221 759 514 667 344 737 853 894 470 977 840 657 895 105 205 232 757 482 915 613 714 112 460 595 809 36 783 877 780 130 568 715 96 303 857 523 546 947 81 917 290 100 877 77 931 199 277 5 261 487 196 170 85 103 396 310 665 657 539 643 129 570 251 557 440 862 591 914 304 54 716 482 788 839 64 627 226 738 835 339 438 465 114 868 186 901 572 711 277 604 226 491 690 553 442 289 659 382 969 331 671 717 532 538 947 352 222 348 74 907 669 380 125 276 788 972 758 703 732 346 532 494 471 207 887 480 374 822 31 108 50
259 277 659 638 311 199 450 749 729 374 66 242 890 332 552 75 660 810 269 525 231 341 600 187 974 718 951 307 890 867 593 129 75 275 712 179 740 151 667 604 666 131 862 960 737 519 828 122 46 683 75 330 397 494 46 692 453 382 990 917 679 911 950 403 200 528 101 291 153 548 578 549 674 209 568 677 639 130 927 156 458 367 735 339 703 746 254 61 127 157 523 935 691 2 369 895 495 41 993 303 203 493 376 628 348 326 695 475 160 379 595 541 956 62 658 884 888 168 642 742 885 520 110 42 861 985 875 627 916 661 274 192 43 921 689 907 78 314 842 673 952 276 383 67 109 992 973 14 879 740
566 412 854 528 916 12 928 857 329 48 404 2 602 291 762 317 654 454 6 613 799 95 241 911 783 505 26 463 686 331 345 192 522 93 496 443 941 101 48 184 696 701 47 648 688 237 60 685 234 580 245 23 897 587 584 990 608 401 621 187 99 60 503 106 588 506 938 606 500 686 670 758 550 146 470 577 841 178 185 766 798 321 331 710 615 783 849 613 631 123 139 840 477 387 175 253 121 686 558 565 948 161 647 495 830 136 486 861 757 228 109 512 930 176 945 449 428 122 466 307 463 165 938 871 957 29 90 194 707 839 827 450 657 78 607 604 855 37 998 597 556 170 960 803 510 87 869 130 914 116
918 312 693 686 504 573 716 72 445 119 350 454 390 602 245 538 573 987 577 506 145 102 78 411 700 416 32 681 197 512 100 866 482 106 264 314 731 394 387 45 706 950 926 666 411 442 54 830 827 897 94 403 707 345 418 181 64 248 177 751 806 213 74 823 226 195 116 192 442 498 727 248 665 674 872 861 151 605 876 327 31 847 405 978 748 640 717 999 732 781 630 992 54 976 828 816 249 139 63 278 169 581 522 336 748 949 141 540 811 309 932 626 597 767 422 282 519 580 202 361 761 807 153 989 754 154 366 306 178 839 929 888 170 935 763 143 567 942 390 429 613 988 96 937 300 410 227 847 605 231
480 710 271 392 914 447 376 476 55 915 906 63 931 498 710 758 54 766 730 425 431 839 147 160 381 727 149 11 582 605 330 569 71 628 370 101 42 685 520 37 229 180 588 240 313 790 580 722 283 889 891 123 926 272 948 562 654 614 508 191 687 62 399 162 204 296 337 467 466 359 618 554 40 581 885 476 234 951 875 782 529 365 60 305 331 291 335 517 625 504 458 119 187 724 802 120 856 198 52 706 975 462 901 866 561 800 454 851 895 220 16 244 235 46 159 628 98 623 504 566 68 985 420 916 437 764 963 273 35 73 678 691 540 545 609 683 136 239 698 940 926 687 29 75 619 861 825 236 116 520
856 342 302 966 21 310 0 948 136 616 335 121 590 171 893 213 454 593 990 792 749 604 17 339 65 469 337 143 466 100 409 370 591 696 916 573 214 549 420 808 60 993 709 455 557 241 337 857 332 305 69 852 719 17 813 359 173 657 406 211 568 619 83 560 541 73 746 290 644 556 217 65 857 38 520 806 170 60 831 634 285 156 158 586 192 951 28 674 329 973 357 200 250 456 523 584 260 138 107 346 265 332 154 303 174 366 830 480 529 824 294 712 710 860 222 448 964 304 850 752 709 168 664 134 70 641 834 401 356 654 266 360 215 620 744 888 594 5 934 556 164 980 195 750 826 505 11 947 38 887
557 650 210 974 396 263 82 911 545 51 84 602 172 233 927 808 7 141 277 91 156 347 226 702 359 630 379 813 916 660 869 455 413 314 232 913 140 638 138 303 551 512 178 564 431 289 497 85 483 768 864 802 889 98 909 609 48 451 615 632 67 504 855 987 797 124 694 365 165 938 446 8 309 807 942 345 538 666 308 856 485 523 621 546 881 946 135 730 277 758 479 694 691 249 77 219 586 694 312 880 836 554 375 456 285 372 580 851 348 956 896 386 612 140 847 406 778 116 487 732 388 25 85 608 707 286 303 432 790 916 125 743 275 915 513 662 651 661 793 212 811 101 63 723 507 498 515 821 912 386
384 381 869 401 426 121 585 642 216 473 436 262 267 782 286 68 970 826 230 7 608 162 943 533 253 839 865 48 176 528 343 780 513 270 427 684 336 610 449 248 922 46 703 332 995 440 509 508 933 172 696 734 467 662 58 562 164 52 691 488 106 750 150 530 515 783 311 561 701 837 421 457 680 244 300 650 954 80 844 253 475 50 12 516 567 775 245 21 620 673 813 678 710 635 968 277 908 313 879 95 922 952 235 806 907 324 109 711 716 557 108 179 608 271 137 988 441 798 92 160 687 919 635 823 164 943 779 525 273 742 421 460 625 737 82 38 410 750 62 279 542 21 959 595 589 708 964 604 800 629
668 781 40 63 149 887 321 986 952 345 685 147 233 921 628 117 713 365 891 464 277 941 411 992 52 74 477 141 517 753 618 401 747 633 589 855 194 271 857 815 535 331 386 783 936 74 145 903 795 986 678 426 439 892 297 664 461 531 937 350 406 113 469 354 286 56 335 162 964 735 672 660 794 802 728 290 44 336 257 793 511 853 729 394 440 997 688 473 339 552 296 459 510 267 113 963 158 872 497 888 766 570 537 618 1000 256 343 174 793 668 614 630 412 689 866 958 256 79 365 912 839 975 852 531 936 556 337 309 121 519 879 125 30 19 999 591 473 78 578 520 204 573 406 896 524 251 274 814 86 475
424 589 271 715 421 415 202 198 33 713 52 454 482 566 570 957 521 474 873 487 175 963 413 321 569 465 693 854 245 309 733 822 550 547 524 851 155 840 699 643 548 604 421 787 382 152 85 802 893 596 732 746 205 909 232 443 250 606 194 126 165 214 237 117 545 822 728 944 587 754 372 182 256 652 20 174 841 992 930 700 870 405 256 615 243 2 980 460 517 230 583 37 764 759 762 9 97 258 169 626 942 930 678 815 410 138 942 963 676 508 109 942 80 410 354 53 801 851 548 873 321 397 794 158 602 916 728 347 809 574 457 424 690 799 774 350 215 584 804 578 881 854 553 634 171 364 937 176 10 987
723 394 712 60 498 179 822 929 192 980 472 673 934 841 355 553 969 776 175 627 228 165 491 562 609 628 206 711 449 454 550 95 759 434 293 72 701 678 130 98 490 800 587 207 346 682 569 487 417 862 676 145 571 486 701 458 814 686 320 266 666 173 830 480 197 840 941 431 602 131 53 814 108 46 143 390 758 638 374 592 65 24 821 636 896 55 236 814 896 909 613 158 730 136 417 782 939 875 760 787 688 190 421 832 832 852 642 64 713 110 786 402 850 435 522 839 204 534 969 757 34 406 301 19 441 616 723 949 566 459 300 189 92 188 113 815 113 35 366 9 652 295 590 86 139 383 833 612 912 372
785 928 371 222 120 419 799 560 928 460 911 650 16 88 195 913 53 107 719 155 913 509 579 506 407 799 437 881 536 60 576 699 706 384 765 505 970 558 788 45 162 792 880 384 981 587 478 620 450 771 606 807 960 163 974 759 992 267 321 529 983 911 876 465 252 762 805 933 813 201 423 982 945 136 525 454 844 941 621 302 294 868 58 167 294 952 957 597 789 641 644 627 176 136 834 832 67 682 64 381 830 872 38 66 852 373 361 753 46 310 862 203 94 989 70 796 87 547 708 172 743 587 980 529 113 835 301 818 779 403 617 854 814 285 824 990 456 291 944 752 284 761 593 588 880 41 978 680 419 882
126 574 350 631 316 259 365 351 679 186 123 735 785 649 822 39 617 884 506 52 683 239 216 514 220 754 436 275 347 537 46 955 751 407 967 754 7 368 918 657 898 589 310 192 159 786 71 554 947 32 353 919 922 307 429 447 259 303 800 571 104 355 437 901 920 623 361 238 963 44 260 977 648 956 641 402 849 676 96 256 318 826 636 216 250 583 647 847 690 655 5 968 923 199 37 302 190 597 525 760 99 478 721 659 852 136 379 761 997 46 139 23 755 956 210 557 84 720 195 409 561 814 73 446 852 253 800 752 0 456 722 735 34 466 48 307 396 797 865 344 533 112 804 869 589 882 327 308 481 124
712 490 841 388 258 964 205 117 955 667 586 664 800 912 34 275 259 156 107 553 887 60 188 1000 955 879 501 525 68 314 214 951 108 605 520 854 535 734 695 362 38 353 145 842 743 221 209 754 716 692 978 368 297 59 750 419 866 404 810 230 21 863 90 330 784 183 965 70 352 758 811 320 163 314 253 856 476 866 958 687 467 534 646 192 883 392 570 588 622 498 12 965 215 908 527 858 84 565 517 51 614 610 457 136 547 824 527 138 927 665 668 414 835 559 124 856 481 914 327 402 765 603 576 773 298 535 368 329 16 257 351 979 932 467 839 64 282 730 541 274 322 653 659 684 251 276 773 208 349 441
31 863 196 490 975 483 969 688 959 725 209 428 573 467 113 391 589 18 364 523 992 823 751 924 380 766 344 454 531 510 782 166 289 745 322 448 980 661 657 130 463 443 125 665 573 84 908 864 157 365 964 649 114 404 969 719 856 812 276 997 392 76 980 305 803 520 460 721 205 810 455 674 439 792 522 971 630 117 996 564 446 977 952 73 346 22 448 782 383 465 330 69 132 169 166 11 139 534 479 198 891 831 296 640 659 716 166 16 764 585 238 407 685 527 675 92 239 650 693 947 477 721 747 473 291 135 959 528 733 425 707 349 945 722 389 584 180 789 795 640 836 511 162 821 576 35 979 399 631 49
786 983 66 39 809 272 390 800 986 600 143 798 76 418 234 535 896 266 665 445 323 602 903 433 712 278 669 674 481 394 55 861 199 692 941 702 183 672 422 108 750 127 569 147 524 855 128 578 863 868 954 466 314 582 820 177 233 83 999 806 100 753 410 926 849 254 447 423 504 140 569 18 755 76 603 31 641 10 281 870 400 460 887 715 683 432 92 870 726 403 968 286 826 233 868 867 400 817 436 211 209 788 183 641 868 632 243 492 570 70 677 847 116 732 373 124 663 676 980 201 329 543 481 13 744 746 46 920 823 344 456 480 632 991 16 632 938 607 147 731 159 246 919 311 796 949 716 928 17 262
844 954 70 490 331 723 310 664 420 8 197 713 204 406 331 269 697 832 667 104 148 30 358 212 769 642 329 179 176 148 501 564 757 752 855 686 829 35 881 386 987 77 771 52 217 542 683 411 453 162 724 414 6 926 868 796 938 242 896 766 805 332 571 630 352 94 710 62 688 760 477 151 179 668 262 342 822 675 716 851 96 761 118 180 422 631 39 914 126 251 392 36 504 535 348 684 925 612 277 324 159 431 819 101 37 749 418 258 329 937 198 292 244 380 813 804 294 707 26 762 314 488 117 285 353 557 832 880 785 586 558 482 415 118 591 597 617 798 820 263 481 167 976 587 803 22 594 97 228 990
180 254 298 667 697 984 182 427 360 297 863 714 907 631 184 466 975 776 655 125 934 956 147 520 556 858 687 837 191 199 294 760 703 709 487 843 269 254 386 141 322 199 558 129 270 989 632 998 418 373 488 458 426 661 269 328 950 879 806 257 646 724 36 165 544 791 937 120 913 588 4 644 117 524 844 666 684 170 497 654 661 778 215 766 709 280 62 207 751 696 285 395 923 172 734 896 554 695 642 605 326 817 36 67 374 647 619 373 13 727 472 603 10 353 115 341 753 382 453 425 481 509 950 682 787 590 905 105 878 590 80 609 766 333 14 212 402 372 311 287 952 925 844 279 865 996 308 130 138 547
785 504 173 792 41 759 918 473 70 583 608 303 994 105 215 555 825 289 914 188 728 442 256 778 369 683 486 947 671 309 366 964 757 84 205 672 209 620 276 926 760 179 685 261 437 430 826 653 781 898 978 769 160 138 245 331 414 932 27 862 5 113 407 272 625 35 393 557 727 4 725 64 772 477 43 674 63 239 593 513 943 266 239 721 738 463 543 192 336 53 807 122 452 919 511 664 646 817 323 6 976 36 895 681 680 713 13 982 665 712 285 961 687 735 374 591 24 50 68 312 117 38 829 393 153 570 264 215 774 83 942 863 169 117 304 147 595 954 972 534 963 1 630 230 532 493 807 110 878 103
281 20 249 134 565 446 170 959 890 496 607 553 389 623 333 66 729 569 172 516 235 535 649 945 738 682 206 562 667 700 549 659 675 303 865 395 970 215 646 852 808 402 584 111 90 68 532 515 816 199 872 639 217 228 675 11 790 774 969 31 7 218 33 101 518 340 124 479 762 112 225 975 441 257 430 174 88 138 345 545 954 88 462 412 825 337 791 511 964 282 184 547 259 968 678 933 852 285 849 695 946 595 712 335 267 157 852 298 633 56 596 584 393 1000 785 941 102 753 335 47 613 770 141 42 950 938 27 791 727 297 403 304 588 972 991 807 128 562 487 40 18 707 330 542 612 558 763 775 142 471
280 219 706 304 123 725 661 313 934 709 701 821 831 62 839 473 190 955 783 140 98 69 667 260 40 208 934 664 655 579 223 785 514 578 496 431 733 313 243 220 902 640 580 124 234 22 207 561 95 116 715 870 19 526 471 50 147 890 396 148 568 55 217 717 385 832 458 392 460 523 274 730 697 218 415 77 413 582 89 496 817 732 186 373 852 631 376 698 724 304 871 676 216 119 234 713 494 295 471 595 504 797 776 107 196 779 741 184 748 776 537 143 702 921 547 520 410 548 217 488 476 719 428 912 927 317 525 579 728 599 242 330 847 296 170 317 490 622 68 866 329 832 284 45 502 310 785 268 924 493
809 1000 968 346 961 916 901 502 629 671 555 640 992 748 572 133 497 767 236 531 634 992 346 963 25 728 789 119 335 761 474 97 280 974 97 984 43 814 723 760 773 327 566 789 386 67 436 857 873 314 258 540 388 665 718 415 934 269 615 482 137 668 699 11 662 445 832 904 61 693 119 575 521 566 256 339 712 58 693 188 201 517 405 947 236 250 979 770 439 109 434 31 938 783 734 773 723 117 175 998 570 767 965 260 676 16 76 218 312 753 159 5 139 130 648 584 541 660 409 488 253 116 262 724 844 868 409 911 60 990 403 166 917 779 543 624 426 112 713 935 264 414 542 582 305 862 433 332 853 883
424 709 641 897 93 923 135 748 700 310 430 227 537 964 110 658 57 897 745 527 635 787 313 764 6 64 743 373 289 887 914 768 203 296 948 363 569 724 316 655 417 819 340 296 72 483 935 433 384 903 41 863 882 314 48 445 999 219 632 524 675 779 897 58 575 139 371 543 885 537 420 822 158 111 884 332 957 505 321 382 88 483 60 591 99 3 337 742 313 406 251 884 82 635 896 671 152 699 990 646 963 915 569 330 499 797 828 771 817 886 968 443 677 167 29 237 839 242 4 557 420 823 189 472 391 700 675 230 714 807 30 377 863 630 774 203 444 781 949 218 434 197 200 872 108 98 60 824 87 521
764 620 33 986 809 767 470 599 657 849 841 709 401 496 451 6 996 751 122 874 622 586 478 624 98 147 557 204 798 555 64 893 398 966 933 464 955 953 29 358 167 161 799 370 459 637 310 498 447 161 731 653 655 457 477 97 860 130 414 621 317 758 260 669 191 652 30 871 921 421 724 666 930 608 670 16 36 367 909 516 151 350 732 573 377 720 49 696 417 471 550 365 278 68 723 380 604 727 702 91 655 523 506 396 807 961 742 935 718 501 11 511 743 56 302 324 975 439 382 279 312 263 824 256 319 873 604 978 213 451 350 776 229 570 227 369 794 114 135 523 360 666 350 298 531 179 26 446 79 984
954 381 805 955 842 92 712 993 942 289 883 767 225 67 546 83 490 371 262 109 693 583 873 114 536 642 798 382 843 185 606 403 516 358 251 505 966 69 255 625 709 719 202 14 504 593 300 297 753 421 454 423 108 874 233 787 220 77 357 930 242 606 835 52 322 770 714 790 570 457 430 533 95 207 163 911 604 694 194 906 679 284 220 496 317 906 773 627 519 1000 361 790 712 951 755 469 600 29 833 258 554 518 794 481 53 431 91 759 757 918 399 69 744 242 21 513 122 989 690 141 668 981 354 971 434 252 644 498 281 292 947 844 98 686 632 925 85 257 827 922 829 747 262 664 83 109 164 443 82 532
833 219 946 359 579 121 230 191 914 668 983 595 456 117 675 983 861 948 284 451 154 545 396 589 276 779 599 496 297 314 646 592 720 188 832 64 534 375 758 209 188 819 229 254 444 697 302 694 170 454 623 625 484 524 61 6 285 470 308 329 155 747 534 665 815 136 427 695 776 443 958 867 647 976 933 498 544 904 61 294 428 604 496 446 785 720 25 211 948 763 951 617 551 739 372 744 50 467 118 851 977 958 748 453 608 473 119 366 57 670 847 615 328 500 508 91 761 437 913 790 452 901 834 464 618 698 578 607 607 720 489 708 231 71 975 852 367 338 910 849 325 696 380 271 289 131 514 949 283 137
838 695 473 845 946 341 304 718 492 372 931 628 488 855 609 299 602 644 285 909 742 275 339 857 468 334 604 556 912 569 73 411 729 479 389 29 296 601 116 120 764 293 10 436 844 362 965 611 165 474 120 712 853 962 616 861 511 249 842 345 177 880 632 196 900 780 741 359 529 242 111 227 984 806 904 462 730 119 990 782 462 658 623 592 2 95 314 156 259 17 492 268 658 626 417 250 868 56 943 461 769 930 139 400 567 827 512 911 679 410 519 981 500 41 365 85 457 883 601 86 828 609 870 229 615 87 279 867 431 571 247 186 724 257 338 319 888 302 600 936 749 743 87 619 693 115 832 44 207 938
270 302 947 645 260 461 506 21 141 850 983 631 955 359 43 269 877 516 665 4 74 958 937 930 735 446 310 373 755 518 457 924 613 412 478 311 324 961 532 875 924 727 88 67 879 781 914 222 948 155 592 580 507 219 845 414 63 889 167 920 703 872 341 445 533 896 171 540 739 175 426 234 734 226 303 976 50 478 914 604 7 70 223 850 911 610 593 852 539 652 577 333 917 167 909 190 918 257 670 425 104 947 491 533 289 990 246 696 692 205 120 399 276 40 108 352 760 719 990 940 52 560 543 777 396 791 349 321 251 435 773 902 91 693 889 1000 602 547 918 52 416 196 454 609 475 325 175 145 269 154
941 493 722 653 208 359 237 322 469 116 490 456 945 664 840 853 186 869 910 535 274 839 697 161 288 11 821 447 361 854 916 106 116 778 947 530 549 740 219 668 420 862 174 348 70 338 607 570 139 832 853 163 49 550 578 544 299 186 270 225 502 965 213 159 870 85 718 945 321 995 641 432 677 993 800 289 467 909 670 636 735 740 910 942 824 370 636 17 567 774 13 52 461 376 740 355 395 568 169 651 260 727 408 545 265 485 436 23 141 391 472 672 482 563 74 642 346 407 190 238 931 995 215 435 515 198 405 507 150 310 389 495 523 422 370 139 237 499 593 511 300 750 25 574 951 586 789 520 106 181
767 846 589 419 9 767 990 797 983 766 515 666 467 763 386 64 908 674 402 266 337 842 105 75 558 198 562 871 120 791 155 352 810 713 954 980 741 369 138 93 882 426 712 828 808 775 192 992 768 311 299 237 667 385 688 8 412 300 629 956 196 341 175 716 643 449 752 238 462 767 282 111 166 1000 967 668 681 726 546 10 154 544 432 466 122 206 403 406 199 721 645 811 883 701 806 429 682 148 379 906 671 223 188 778 841 520 927 808 31 789 761 753 61 69 739 258 660 713 339 272 190 829 826 42 718 267 207 501 896 393 502 605 308 524 707 965 361 112 323 951 533 451 554 288 860 918 325 60 766 574
79 927 976 207 899 346 85 768 890 528 518 503 908 889 0 4 654 795 420 802 888 461 892 111 994 986 138 824 439 599 827 866 706 429 354 592 142 213 654 986 781 677 12 37 611 507 550 838 946 181 967 581 519 194 407 928 697 619 786 859 699 276 748 488 64 248 493 59 676 882 53 726 547 922 280 547 205 924 680 563 980 633 481 722 693 573 772 910 273 733 332 301 573 809 822 816 266 192 317 467 1 543 805 37 164 529 124 571 464 82 30 868 275 296 498 339 134 920 129 262 20 250 531 766 103 119 843 608 453 573 165 140 793 793 503 682 742 792 960 892 192 421 395 623 348 258 385 202 727 32
384 982 876 332 201 578 885 482 480 167 804 637 689 812 935 340 246 853 591 17 780 34 332 143 221 163 852 89 363 803 678 16 751 702 605 490 310 401 295 908 892 743 791 230 997 808 813 957 317 145 546 763 360 19 316 732 348 818 958 646 781 665 937 362 561 786 256 945 312 110 969 792 598 190 692 729 60 491 856 683 114 777 540 314 731 361 663 716 1 695 989 113 643 910 860 275 323 671 851 236 736 923 526 800 593 879 347 205 359 944 325 284 330 55 420 431 878 319 840 686 38 713 305 309 380 66 122 253 25 468 330 86 18 767 552 16 718 847 170 856 783 912 351 951 386 103 23 325 713 401
355 564 438 885 438 226 876 142 885 919 690 801 757 508 598 917 822 329 276 212 405 672 777 987 229 253 108 820 495 899 282 112 118 116 46 847 470 834 742 927 208 94 181 902 753 163 244 859 778 76 904 828 633 361 748 50 955 349 663 108 863 228 227 958 39 725 568 642 674 122 839 564 722 133 258 959 203 979 649 427 260 935 686 185 536 523 708 962 14 435 731 339 854 303 499 689 884 397 812 754 391 406 53 360 532 502 887 708 198 999 261 171 482 60 526 579 903 69 174 491 429 450 946 76 970 5 319 813 368 38 179 387 171 865 324 851 393 601 786 281 232 503 379 988 258 488 763 508 886 902
322 514 40 31 569 41 809 349 391 335 522 967 414 1 150 347 913 109 121 854 241 297 647 363 478 995 480 761 41 336 515 826 382 447 51 717 422 337 632 966 363 765 284 680 591 90 690 414 929 317 254 27 158 208 330 655 805 656 848 832 428 197 453 733 287 938 820 400 70 915 188 839 538 365 358 869 359 218 254 641 105 572 977 820 366 895 662 514 211 157 843 200 778 155 2 19 578 801 892 35 246 293 788 287 839 655 312 689 438 298 552 161 826 955 273 678 175 508 708 251 244 36 960 306 357 607 371 256 545 208 297 591 540 532 618 204 18 156 936 273 355 126 913 469 392 838 352 891 182 571
671 714 476 54 181 168 709 943 171 119 635 129 91 250 319 450 316 540 119 400 837 503 448 165 927 461 554 457 309 905 326 313 581 891 100 323 706 280 771 453 188 555 95 14 136 874 919 93 795 38 191 173 298 18 96 573 324 740 282 715 39 914 194 276 248 775 761 681 927 749 241 487 383 205 877 740 150 692 67 454 307 221 247 24 380 489 225 488 111 157 794 254 403 680 577 150 454 477 643 320 658 686 205 856 153 84 779 789 993 270 569 444 776 625 479 8 270 130 42 560 954 619 824 764 644 619 271 872 398 581 811 661 612 852 994 491 841 497 854 696 204 707 232 114 354 286 717 692 890 471
32 733 809 121 152 546 49 126 144 971 398 757 791 480 128 545 305 358 490 212 53 736 801 88 51 118 257 473 144 403 741 366 202 276 814 62 378 327 870 156 428 158 832 621 411 282 152 746 576 603 862 888 129 856 307 194 641 441 827 678 256 734 13 266 570 69 414 778 942 326 480 50 285 182 335 848 889 932 458 506 595 969 685 741 782 870 53 450 910 361 856 845 74 286 939 735 914 131 750 347 403 562 799 620 607 910 250 525 164 524 128 590 374 446 168 472 58 896 712 131 996 675 156 861 608 682 386 212 758 403 291 637 962 422 950 470 72 681 319 771 492 514 286 369 265 185 763 441 5 42
85 822 447 164 385 288 565 804 722 35 624 782 718 602 234 471 176 585 455 902 629 588 275 90 66 962 329 651 163 83 567 348 151 109 651 317 114 350 312 302 907 701 517 402 56 829 279 519 10 150 177 884 813 980 150 803 844 623 955 29 573 588 734 971 349 549 515 297 148 167 93 346 853 385 673 166 64 339 869 932 686 637 114 947 492 306 329 440 716 390 722 887 211 818 940 627 121 861 397 162 98 243 484 622 21 708 550 531 861 632 13 196 801 128 652 755 976 896 181 149 225 972 526 76 68 484 718 275 702 386 288 335 205 197 107 587 281 751 73 535 813 986 742 732 235 902 992 921 202 906
75 819 338 890 946 895 921 570 594 63 160 793 239 326 408 752 598 965 4 324 125 84 669 4 114 957 318 253 708 842 940 434 461 703 675 871 856 488 585 1000 238 507 685 26 47 697 666 969 806 506 426 482 292 482 940 415 510 597 236 580 549 801 233 878 208 292 982 487 298 513 428 564 865 936 130 519 180 283 530 732 267 979 240 290 855 213 539 116 142 255 707 709 500 305 95 541 196 448 866 51 605 41 125 94 881 177 803 636 962 666 964 486 914 426 456 841 31 975 659 476 837 222 885 475 81 689 458 503 146 772 766 756 757 718 674 884 786 498 500 389 1000 891 416 217 29 668 502 522 475 960
910 880 53 537 536 551 909 949 367 720 713 234 184 60 10 164 642 357 321 793 806 383 869 434 140 694 470 44 573 531 9 388 701 527 165 305 444 525 497 848 427 390 816 51 161 343 760 643 688 2 870 18 624 22 39 427 768 949 120 426 237 646 631 289 877 482 978 260 83 233 317 252 499 565 232 808 6 784 659 961 312 533 105 886 974 968 58 122 126 12 607 459 288 235 744 533 597 967 506 577 526 336 100 732 649 3 431 836 273 509 989 622 869 317 892 800 25 836 981 617 315 904 261 67 846 530 658 115 474 915 0 934 614 146 395 401 337 291 658 841 985 983 273 245 825 52 431 44 394 157
48 817 23 863 329 204 710 138 330 689 956 763 217 830 369 712 372 16 873 192 275 775 116 648 150 211 266 681 666 222 677 578 626 665 100 834 437 855 962 813 358 341 959 505 946 145 662 140 880 320 104 267 349 965 322 822 489 577 661 568 928 943 245 314 373 601 381 204 298 282 819 466 224 635 750 987 784 956 123 183 751 633 370 728 483 489 908 829 757 227 862 926 834 764 281 858 683 288 754 789 680 534 735 438 787 882 86 452 156 594 313 60 357 702 690 548 910 801 61 402 640 286 371 483 440 375 73 929 358 581 484 62 612 189 753 12 24 681 594 342 599 968 131 544 416 794 214 827 821 607
334 319 908 773 847 406 638 41 552 680 544 746 784 652 849 364 110 182 29 698 401 347 274 120 486 280 44 40 923 399 964 991 361 294 536 507 862 480 807 286 80 150 906 928 631 62 584 955 88 670 251 698 24 699 749 42 206 378 66 31 564 692 468 792 845 120 70 271 912 521 709 835 497 972 64 872 849 670 410 148 115 189 988 830 506 719 21 739 210 228 568 661 858 837 941 229 778 63 247 211 675 56 643 800 402 318 274 895 415 956 530 165 119 965 129 153 787 620 791 541 917 592 702 221 941 33 798 778 926 500 862 498 519 247 842 121 699 116 351 102 44 987 221 266 133 498 155 426 353 552
985 669 913 923 747 750 57 154 855 295 550 810 884 234 265 55 122 254 386 492 860 861 4 156 545 1000 141 584 371 135 109 899 533 46 866 949 407 621 515 608 159 396 385 519 829 610 189 673 783 107 594 483 536 513 185 169 310 704 188 578 405 777 521 828 392 364 694 500 375 391 871 452 84 80 874 690 375 311 287 191 757 231 879 985 977 354 425 272 284 259 729 911 952 390 990 84 820 394 974 592 130 896 384 748 660 608 632 564 231 177 781 527 6 257 758 961 562 846 80 745 657 86 229 856 764 341 495 47 899 549 613 750 1 591 713 173 160 624 189 454 255 107 875 590 178 586 503 894 641 88
845 631 748 400 21 550 897 351 474 17 311 701 758 587 466 152 855 888 944 537 958 884 823 217 770 711 498 325 181 488 962 540 821 727 975 707 405 251 199 782 954 772 365 241 967 641 710 314 350 633 536 142 461 979 443 247 919 312 922 481 941 629 350 990 846 817 58 561 0 866 60 168 939 357 263 398 615 443 432 970 723 102 973 500 818 111 630 219 535 831 534 391 556 581 642 769 57 152 491 560 350 705 399 997 41 144 637 793 571 858 902 512 181 546 380 60 458 791 19 346 353 890 202 417 213 448 863 229 717 198 244 600 773 509 908 742 371 118 310 262 101 652 260 430 558 634 814 38 112 804
736 185 636 725 467 883 555 872 660 461 282 607 732 373 465 710 549 147 659 430 331 915 43 329 79 155 514 564 349 41 33 607 13 46 434 854 701 262 964 989 983 259 727 462 21 121 854 950 294 755 652 194 245 447 216 211 166 151 981 425 412 948 472 969 60 651 95 0 501 617 110 633 11 344 111 759 297 636 197 846 120 693 738 539 615 709 84 761 622 265 854 805 373 23 409 860 182 39 21 268 343 285 737 793 339 835 407 143 572 509 443 7 249 701 835 899 802 514 679 164 140 316 946 650 378 310 531 596 142 725 679 561 477 822 701 312 405 965 565 893 648 633 322 305 647 418 524 565 984 703
756 162 571 946 176 379 438 242 456 230 791 105 859 259 80 185 262 846 168 53 837 155 329 955 711 384 757 916 430 486 435 461 215 125 722 706 23 242 765 528 214 191 920 115 179 138 654 176 626 62 46 726 348 434 884 474 224 432 506 471 861 311 48 878 766 386 412 411 215 930 360 271 974 178 393 140 856 547 673 125 732 101 91 383 919 322 754 494 77 194 535 610 684 690 105 761 836 814 784 728 681 433 852 350 16 303 510 164 696 826 487 835 293 274 422 919 133 489 523 126 179 243 703 384 467 823 310 701 746 650 853 22 742 155 577 44 972 479 619 188 370 980 469 762 87 18 903 693 665 912
121 35 494 494 820 904 858 254 55 384 116 582 315 452 563 274 926 909 285 60 994 877 915 605 413 462 496 105 75 750 843 368 291 445 635 970 649 116 220 923 949 155 537 75 605 314 846 348 921 897 955 744 945 473 490 58 187 275 295 88 342 286 476 163 297 388 725 819 143 849 515 458 592 835 481 952 198 637 774 177 61 743 501 698 193 952 392 883 630 263 696 13 393 374 925 122 893 206 492 581 945 76 438 734 598 776 469 216 169 28 214 918 403 586 199 963 485 428 309 476 699 402 631 368 887 930 422 822 524 300 627 706 119 468 799 657 871 182 484 140 994 766 157 439 902 841 556 88 460 815
834 18 874 15 302 287 382 930 641 73 799 134 384 318 159 158 159 220 128 673 639 588 610 144 418 932 996 330 35 28 769 729 216 643 805 467 962 9 520 886 523 666 196 484 434 234 220 786 713 803 676 90 88 596 720 72 580 774 443 659 40 277 445 650 378 857 209 98 958 578 453 562 343 343 27 938 964 228 616 771 422 711 430 570 196 202 344 912 189 638 411 839 132 269 519 325 170 219 23 415 22 794 525 944 34 43 648 649 34 549 561 853 402 985 198 849 950 526 634 578 208 849 811 164 519 11 890 429 878 258 802 527 815 426 202 461 758 384 922 337 178 689 165 869 551 435 194 833 623 96
917 880 703 0 885 340 774 982 440 469 984 648 366 838 705 660 256 453 724 399 929 536 254 397 678 786 438 955 821 407 694 430 13 117 796 810 44 857 818 269 404 944 175 630 705 981 820 802 191 892 264 518 934 97 552 948 977 985 434 52 691 501 11 864 784 928 859 231 957 616 143 963 991 749 604 686 121 9 330 236 928 350 153 808 590 943 140 656 313 792 96 662 900 401 204 630 939 375 961 816 880 806 297 795 245 837 393 460 636 837 993 627 729 222 177 455 406 60 473 646 309 261 804 182 553 316 352 187 93 300 563 319 250 30 603 34 173 120 397 933 635 919 937 374 387 192 961 504 460 761
238 866 195 205 638 782 541 189 898 802 73 913 467 568 524 681 141 626 103 633 209 844 766 199 709 313 652 957 31 838 353 174 465 354 303 479 521 940 559 760 811 370 469 635 8 563 256 564 978 584 310 936 422 364 91 295 559 675 907 190 144 416 431 3 873 760 816 514 594 248 386 880 5 506 444 200 506 845 445 780 636 630 880 773 137 19 490 934 983 287 106 769 855 763 239 525 477 104 753 93 855 460 409 76 7 865 788 995 957 100 113 843 833 89 827 979 720 863 297 645 509 26 954 236 338 695 237 839 435 800 217 394 41 784 394 365 862 723 223 652 981 27 148 63 448 30 468 639 813 897
216 695 743 527 331 529 459 315 763 369 159 917 891 260 764 436 512 312 303 808 963 900 19 442 388 169 758 654 32 492 591 749 458 278 655 130 980 940 97 244 238 617 659 699 771 740 889 435 617 350 173 376 512 652 781 638 958 185 909 940 537 591 271 591 146 958 120 91 434 339 714 103 638 161 148 334 170 868 176 649 764 341 79 547 726 356 938 1 857 555 647 533 901 209 874 313 964 347 709 33 199 651 177 254 197 909 901 963 958 696 157 96 989 387 313 873 116 588 70 865 797 523 296 891 312 998 228 949 53 54 726 650 180 562 832 783 375 593 345 954 47 574 273 493 328 899 15 176 406 892
867 625 287 753 982 669 852 390 233 345 167 868 501 662 369 501 819 734 65 529 425 413 149 685 258 48 98 904 591 626 334 883 565 96 973 209 113 369 355 264 364 87 65 197 931 17 767 853 649 596 59 614 198 956 757 829 771 515 418 612 374 65 714 584 654 125 221 283 109 223 534 845 435 669 166 759 266 349 572 429 22 38 760 574 686 722 393 446 279 486 980 233 543 593 734 25 814 452 957 165 373 343 344 866 603 918 446 517 151 680 607 189 904 896 137 471 983 639 100 912 195 942 79 33 282 391 519 89 120 814 752 473 525 104 604 972 631 668 587 870 920 370 999 211 837 403 949 449 603 943
188 57 260 48 886 652 205 804 934 603 483 313 161 127 876 795 861 380 394 681 376 89 126 330 111 907 522 682 193 737 86 945 222 962 173 209 969 667 11 669 636 681 346 24 310 479 155 501 510 785 639 822 360 11 345 470 726 497 635 474 830 901 848 43 270 976 481 354 71 405 403 893 387 328 634 856 728 683 493 252 163 517 993 479 736 970 201 401 470 726 897 129 734 340 284 997 394 7 707 498 137 5 256 283 602 274 947 657 440 325 638 412 269 948 223 237 508 990 670 395 499 836 398 839 913 47 122 434 391 58 737 529 580 737 26 627 159 76 6 581 302 299 446 319 975 148 744 803 884 221
608 588 430 783 167 120 966 599 24 627 793 1000 454 263 812 557 422 20 457 460 354 696 586 932 601 180 252 800 377 174 923 635 551 429 516 711 997 558 799 413 441 500 101 606 621 739 15 928 313 444 715 913 298 843 820 356 592 209 260 343 360 67 439 950 747 391 82 666 505 780 582 248 710 907 286 840 14 764 172 879 901 598 532 535 104 750 870 143 947 20 965 394 605 585 147 833 451 918 204 571 469 698 965 956 413 134 529 382 810 718 331 320 129 976 692 125 448 386 284 173 701 273 8 394 206 141 63 331 466 637 638 441 389 997 537 477 976 681 211 414 210 596 139 607 354 197 220 535 109 580
874 766 133 555 827 524 200 638 156 559 927 804 4 859 309 861 542 100 522 265 163 653 337 306 610 352 252 586 688 254 918 874 551 49 737 533 16 855 576 879 242 644 345 15 213 687 892 966 835 956 975 96 155 627 361 222 150 490 994 996 767 264 948 633 420 595 453 339 954 758 530 251 139 906 902 158 150 44 738 713 98 769 408 392 637 214 885 976 839 589 650 896 38 125 969 415 107 285 143 213 665 563 978 647 65 302 978 612 606 523 959 712 304 865 654 138 738 424 575 506 944 417 865 695 46 327 138 569 355 446 318 397 941 465 313 629 283 115 954 709 454 657 994 521 421 413 149 113 504 426
52 361 701 754 765 320 602 881 949 104 853 219 118 271 706 680 415 863 7 887 245 433 84 644 689 627 382 933 41 152 393 834 20 241 338 452 126 52 343 162 426 796 328 187 537 751 639 854 907 785 547 612 595 376 81 313 609 683 294 43 541 660 20 237 650 797 348 757 791 597 538 9 571 546 882 256 901 927 37 717 666 524 711 172 609 942 158 349 618 994 899 463 523 383 148 989 213 681 14 863 329 418 137 66 61 998 575 772 598 954 942 996 581 77 451 31 552 800 336 754 693 252 283 263 381 424 933 227 970 841 185 731 958 317 86 378 194 389 264 903 51 196 493 566 564 734 767 164 382 588
371 574 999 524 850 365 126 507 409 166 296 72 297 151 703 259 878 233 83 670 695 264 951 619 563 863 805 743 852 254 46 872 441 868 210 480 516 297 746 493 248 625 74 812 652 58 814 456 356 264 105 857 829 795 730 425 614 536 282 239 495 125 16 341 72 923 80 887 187 188 800 153 737 812 321 187 938 91 432 693 773 783 597 647 437 880 288 952 821 356 524 420 729 436 79 270 321 729 266 337 461 24 277 179 27 351 74 315 3 408 503 908 97 386 800 277 938 729 980 812 437 377 613 961 728 611 380 218 205 697 394 239 595 148 696 449 631 574 528 851 890 750 942 20 565 790 58 636 479 5
827 282 414 337 446 691 960 36 709 987 381 626 386 49 714 10 458 549 157 43 411 782 92 757 48 12 489 934 264 619 277 697 8 949 271 319 247 518 586 496 42 819 81 928 28 760 273 166 450 538 312 338 628 477 97 527 174 256 314 317 554 746 207 242 585 595 210 658 320 602 108 857 334 858 289 92 795 630 772 534 898 961 135 87 135 990 148 432 635 91 920 601 256 15 633 912 471 346 485 96 60 772 268 10 552 851 170 409 917 176 715 891 466 119 500 251 84 597 273 182 875 658 178 447 84 20 500 428 670 59 19 194 215 204 200 62 974 99 756 938 702 406 823 625 613 588 852 653 193 603
560 136 887 974 763 616 586 303 671 845 746 967 279 984 389 344 825 768 720 669 872 727 112 301 494 736 191 978 200 759 394 388 678 868 870 261 197 312 840 970 509 672 555 564 383 878 806 77 506 221 550 837 318 282 579 556 519 89 305 956 367 718 704 701 657 978 151 531 167 775 399 547 722 251 221 756 477 825 314 156 943 797 900 801 304 290 76 560 39 911 405 511 477 634 368 212 905 158 347 408 71 126 489 96 439 385 363 245 349 722 650 867 324 332 169 633 121 585 444 636 763 544 648 471 700 106 239 307 490 506 781 209 831 468 454 574 560 207 573 174 298 65 942 959 725 573 269 480 82 365
955 522 423 449 493 267 243 6 413 139 659 84 143 277 942 218 454 437 330 314 144 18 255 861 473 811 759 857 402 22 697 672 139 112 489 449 562 953 601 516 110 923 615 740 413 556 785 716 409 508 185 136 49 726 145 782 686 860 474 51 111 176 100 101 857 435 134 240 733 470 37 400 814 484 539 162 17 420 176 57 195 83 837 569 164 111 512 575 446 272 506 749 565 45 743 777 616 896 441 135 501 164 338 550 646 57 869 201 251 755 175 198 96 294 606 843 749 494 382 717 547 863 472 696 98 128 310 568 145 754 868 66 574 553 803 757 11 334 819 425 938 286 143 291 492 718 14 655 175 593
382 323 471 272 629 488 2 772 912 562 214 867 958 837 731 343 480 750 472 760 156 942 346 157 44 286 811 235 617 542 903 668 113 305 397 389 762 509 567 874 506 782 708 671 301 624 919 693 673 474 888 82 228 454 358 760 3 772 722 145 93 506 708 908 763 776 458 19 343 111 367 839 585 156 944 414 749 725 611 735 672 624 796 150 229 579 879 812 110 72 584 521 583 893 158 76 974 710 254 816 927 66 806 781 102 741 246 649 874 563 405 336 752 429 45 960 734 410 505 688 479 592 143 824 268 515 344 403 964 846 609 443 798 242 902 979 658 184 765 960 683 936 877 120 418 682 685 953 465 327
439 996 549 405 474 760 218 28 855 721 897 850 574 6 875 548 332 580 921 453 550 954 576 516 685 732 895 19 89 563 321 65 654 410 644 109 178 394 471 562 3 863 494 717 696 721 856 122 721 553 318 797 871 493 562 604 919 352 869 461 350 19 652 24 308 746 776 915 836 509 371 588 310 301 909 433 520 838 620 768 177 895 964 970 787 182 720 126 707 467 486 185 907 389 778 834 413 294 702 987 693 214 158 51 223 38 839 880 349 814 875 643 89 80 832 703 970 101 909 891 65 882 592 565 427 874 769 167 743 393 228 47 613 809 803 746 101 752 901 990 253 736 58 202 162 772 200 417 775 795
730 84 1 990 226 447 950 363 468 804 3 264 768 215 274 889 90 939 439 180 242 157 328 995 487 379 709 769 319 200 562 503 743 21 865 290 364 687 256 229 766 943 249 88 143 100 613 709 966 246 343 772 415 897 207 205 757 28 186 215 348 23 268 649 920 153 954 149 912 932 516 375 122 767 542 334 648 149 520 797 112 762 264 569 489 743 814 382 387 616 993 50 537 209 227 574 365 310 364 825 947 647 162 531 345 256 873 339 343 244 789 806 792 430 970 355 424 416 375 360 728 151 501 716 653 155 240 525 272 207 92 722 212 407 30 805 613 252 320 135 622 539 310 631 935 674 775 44 685 225
680 468 103 382 353 107 664 301 901 886 138 194 391 923 864 420 741 479 747 767 473 535 12 563 521 768 469 270 18 323 112 724 587 454 215 231 997 782 669 348 161 665 224 255 367 943 456 315 328 57 738 554 87 452 228 558 98 923 916 476 790 541 37 623 782 655 788 483 478 406 77 730 157 231 267 263 839 751 192 169 133 565 521 915 8 486 482 79 903 872 221 402 909 854 657 941 791 417 472 724 480 470 42 333 278 297 445 477 432 37 411 796 931 93 0 766 330 749 36 838 182 573 845 644 149 615 641 415 233 779 993 530 615 229 137 464 490 157 582 295 941 729 335 274 313 602 319 954 816 947
10 791 13 529 94 152 724 15 9 161 336 380 546 905 960 919 290 72 904 170 618 254 924 755 61 728 330 960 391 813 556 706 436 496 997 390 718 363 1 979 250 574 690 648 452 970 851 203 965 218 597 497 316 281 558 64 807 365 366 251 669 984 892 153 564 697 205 822 734 572 494 297 680 490 255 209 54 901 922 880 585 792 688 84 225 197 745 896 397 752 275 319 171 477 573 746 416 171 383 612 524 560 78 29 69 593 628 570 866 119 393 835 225 484 655 901 892 462 458 287 14 352 767 563 757 983 176 350 597 830 385 31 166 469 475 137 511 69 542 36 973 727 615 245 532 7 907 423 322 182
347 848 187 306 41 987 649 436 770 569 343 52 879 444 24 930 978 382 532 520 630 887 678 196 853 36 912 561 606 367 697 357 593 773 35 461 669 498 210 833 829 324 835 291 290 169 584 437 430 461 467 111 434 793 409 310 332 584 954 558 738 682 326 381 7 111 765 656 725 455 966 289 400 682 747 910 997 589 536 973 450 402 75 989 661 498 859 348 525 665 119 588 436 775 870 796 386 281 405 255 176 465 878 359 517 936 57 278 777 511 119 887 912 204 409 930 695 736 391 527 691 668 668 640 548 3 793 288 113 837 808 927 513 430 874 592 863 931 99 123 503 777 706 19 671 732 931 251 353 403
687 686 667 42 836 574 460 410 80 947 11 484 890 677 632 848 613 353 689 647 873 117 94 123 636 78 543 852 882 970 897 985 644 230 912 7 272 836 168 706 198 757 445 350 121 133 972 358 520 884 980 28 595 723 705 295 303 267 531 827 900 204 286 224 528 314 786 500 715 431 598 505 306 355 673 497 275 73 896 541 51 612 864 59 508 293 173 400 498 155 300 961 890 840 696 49 371 283 103 382 925 143 178 815 721 28 452 689 416 211 326 963 226 722 282 93 935 410 723 524 991 810 910 484 137 428 268 742 621 361 914 898 862 3 660 764 623 967 888 410 145 227 628 476 395 963 905 436 583 483
902 589 364 168 789 700 681 346 121 361 39 588 544 369 121 10 187 594 23 763 538 130 92 50 741 769 269 714 290 172 104 593 782 465 110 667 964 373 930 208 616 421 854 11 891 161 611 100 623 893 976 164 765 821 662 392 567 158 192 297 306 242 895 585 407 327 958 114 533 375 529 518 852 807 155 121 959 878 483 367 115 78 33 72 340 724 20 524 600 642 666 543 792 777 157 418 485 271 466 819 400 572 481 577 438 952 548 541 650 816 313 528 920 137 967 796 291 364 347 318 813 194 120 602 473 670 199 753 339 168 856 964 247 966 513 644 495 257 49 962 805 676 533 650 473 605 723 550 12 822
321 520 789 313 948 7 126 413 997 802 98 781 100 232 766 90 692 337 917 769 238 338 493 511 111 115 713 808 636 208 609 244 867 288 108 821 766 991 999 172 992 422 150 117 264 690 127 649 297 298 876 98 657 320 551 930 480 843 647 341 892 303 506 613 147 974 980 912 950 44 465 114 154 459 833 46 81 900 722 408 937 95 586 594 457 946 374 555 723 755 178 813 239 276 297 764 807 148 122 444 403 736 952 993 286 346 379 158 805 306 124 337 916 379 310 765 300 576 958 725 998 501 174 820 950 982 850 650 465 896 905 498 585 768 94 969 576 940 119 870 279 861 331 2 854 295 616 958 509 86
182 448 222 424 789 191 32 434 655 860 459 335 725 163 782 296 155 699 402 625 926 790 292 894 229 206 553 134 890 270 466 304 361 606 5 784 31 468 695 813 432 382 837 409 646 594 632 492 692 655 394 653 902 328 148 242 333 881 117 246 91 736 260 697 21 410 823 223 592 642 52 709 981 628 601 912 276 305 902 354 466 712 737 739 338 554 517 629 753 228 322 192 765 738 591 308 953 102 454 490 910 139 95 631 281 690 200 774 909 716 510 772 614 970 722 904 905 308 511 285 430 112 226 155 296 683 914 954 491 914 657 405 494 56 896 750 853 862 275 596 902 955 800 841 57 839 557 574 95 564
27 825 608 702 48 597 422 930 841 650 60 263 102 83 498 645 73 908 348 409 650 425 310 901 65 426 172 362 422 922 926 37 335 375 566 358 280 161 992 957 793 311 967 216 554 403 538 48 504 861 414 578 574 793 777 487 325 973 702 802 773 461 880 44 910 950 591 782 52 837 969 785 893 683 431 186 300 727 766 285 284 785 788 870 218 997 656 243 349 572 920 462 897 894 108 615 521 76 208 402 762 360 698 654 122 531 885 890 830 869 188 487 942 27 652 550 416 628 406 98 928 276 48 773 720 202 869 853 569 670 660 15 928 876 409 943 717 81 508 550 769 314 242 381 897 104 237 422 659 358
219 424 400 659 925 615 863 995 229 543 674 161 630 683 321 842 979 341 812 709 20 352 58 695 612 27 177 956 676 839 335 973 907 336 430 628 909 902 945 101 9 16 510 873 221 868 323 186 934 277 352 875 720 144 385 501 300 804 378 442 101 971 227 646 29 240 26 494 58 408 138 418 978 258 894 642 188 828 553 718 718 586 232 312 772 398 861 54 955 641 870 98 4 324 252 481 287 632 820 278 535 849 981 1000 301 265 121 702 407 257 726 779 193 431 699 473 752 403 958 733 433 507 269 134 832 505 458 290 148 140 585 279 275 207 421 408 235 661 553 803 609 178 780 154 404 485 1000 207 436 732
683 429 629 145 142 685 843 236 263 621 733 831 20 886 902 315 132 302 77 555 453 589 356 83 239 232 584 343 286 707 837 934 12 280 540 58 972 313 207 628 952 49 950 751 765 639 891 684 67 289 359 651 76 227 267 326 835 405 411 202 759 692 497 497 575 636 592 742 367 758 364 688 417 702 880 726 679 547 988 577 258 11 289 608 2 281 497 762 368 731 525 780 66 850 28 49 574 271 206 172 528 937 617 91 154 42 406 410 366 651 868 348 879 500 460 653 725 837 465 642 838 838 278 492 960 524 902 812 978 867 626 540 951 198 993 201 501 906 102 584 947 832 56 11 547 761 782 437 488 878
831 753 798 86 746 870 186 654 487 301 943 718 984 237 398 820 340 326 135 777 365 701 83 881 91 79 880 624 689 152 374 914 720 810 984 970 991 236 642 960 344 291 499 713 622 90 106 762 684 245 815 324 796 684 257 808 940 635 302 840 578 883 640 855 205 94 174 777 562 630 773 382 761 6 479 548 670 850 247 665 828 971 373 182 835 978 287 409 658 661 99 419 513 225 300 138 35 352 316 496 264 975 217 776 545 588 698 200 859 920 643 106 205 764 960 985 648 842 110 78 314 625 725 231 161 139 972 104 607 930 888 975 157 502 714 839 64 785 385 643 595 347 723 96 985 404 535 642 259 902
802 869 148 303 353 849 0 68 955 619 194 168 518 324 824 431 245 307 535 919 866 819 284 55 742 829 418 706 613 881 932 946 852 810 989 863 691 640 756 290 571 957 431 44 854 579 869 882 441 395 563 82 486 859 899 333 237 686 449 280 256 20 807 971 690 467 916 185 24 115 100 533 752 921 31 62 681 602 685 53 222 478 934 597 804 553 801 565 743 486 560 559 315 8 781 485 457 762 179 454 534 523 603 834 873 221 773 394 290 244 461 647 707 32 651 712 8 67 813 217 750 989 877 54 926 700 645 49 33 27 362 977 845 691 923 652 845 99 719 272 97 751 437 537 355 828 230 562 610 917
540 77 919 639 523 880 247 393 468 82 309 325 795 267 830 124 253 223 445 208 701 633 507 416 416 694 370 360 236 374 365 180 941 738 544 574 219 515 461 608 227 903 714 10 223 375 675 347 22 175 911 732 43 5 35 496 522 359 347 547 70 915 458 979 148 326 261 873 138 824 12 122 695 27 984 544 718 462 172 501 837 388 770 767 543 653 678 359 208 466 174 658 18 199 933 184 542 498 14 55 6 319 98 251 571 723 193 555 847 635 287 187 678 100 931 947 694 966 523 899 516 313 178 509 530 443 374 400 67 669 262 835 455 680 419 378 866 802 25 153 83 20 957 561 349 274 20 315 166 105
628 188 585 485 530 899 771 269 838 170 811 498 445 120 627 519 164 743 536 667 296 499 477 99 148 678 173 201 970 457 536 890 128 388 411 31 887 297 401 158 27 461 816 627 693 264 23 398 260 466 369 617 733 609 563 279 164 87 936 367 850 869 257 941 613 903 855 883 297 786 625 154 732 367 158 663 791 565 611 96 863 838 114 384 993 423 532 730 196 679 82 560 961 590 897 72 739 789 900 527 348 241 472 823 502 93 267 413 387 20 172 123 96 847 867 942 941 117 643 459 136 775 166 230 166 74 606 935 101 412 161 933 565 781 345 445 580 168 495 373 458 324 911 490 54 963 702 545 173 669
888 642 626 476 544 101 482 319 849 903 348 355 648 718 59 444 807 483 83 915 937 461 19 120 297 724 36 168 563 34 796 667 908 199 364 257 321 30 915 240 382 221 552 574 768 579 432 136 618 276 435 168 508 2 87 501 179 133 41 245 387 379 440 379 158 630 666 812 549 120 543 296 483 393 829 805 586 959 919 815 30 1 41 253 258 964 891 762 133 327 516 300 497 476 545 62 322 84 263 144 671 75 861 366 423 824 202 221 338 971 791 927 326 869 224 192 948 441 333 399 59 979 342 550 227 199 879 527 978 703 364 917 218 816 360 879 198 710 724 343 183 574 5 99 607 585 403 185 867 394
706 363 43 846 83 356 817 697 311 952 511 181 957 44 757 337 371 179 509 184 843 193 218 993 105 79 835 52 525 324 906 632 647 556 454 32 477 504 533 939 844 946 281 614 366 539 84 820 145 166 981 706 19 703 732 391 365 917 121 321 745 564 879 47 356 587 296 512 178 735 64 512 878 861 37 564 59 604 675 990 194 160 648 700 600 369 716 795 195 406 270 800 354 943 95 101 56 771 816 887 751 531 147 677 742 359 585 395 700 979 375 730 879 30 680 452 930 166 626 265 789 779 562 702 965 49 177 563 703 377 348 409 913 145 455 653 466 222 693 850 455 535 352 938 241 575 355 248 722 698
385 324 17 635 800 759 940 749 136 488 949 136 424 248 27 885 728 175 808 416 268 881 551 117 290 641 96 142 295 767 678 605 648 620 590 135 598 163 69 142 689 461 354 986 123 1 852 640 158 292 523 408 768 729 79 645 835 349 367 510 937 721 353 227 304 857 443 439 920 784 509 799 832 76 850 73 671 470 521 674 27 408 892 722 858 248 49 449 288 675 671 9 259 749 277 506 242 968 395 394 867 610 953 214 664 674 449 7 296 666 799 647 583 585 495 761 339 494 701 873 561 184 154 901 767 557 321 141 356 530 42 471 726 464 67 537 454 327 207 358 334 85 568 903 178 88 236 864 303 542
49 112 363 514 587 0 711 309 313 3 805 449 915 959 251 950 176 537 965 74 438 409 575 222 572 999 653 190 615 624 552 575 703 314 651 728 690 560 571 270 913 785 517 871 868 393 207 659 181 824 22 408 170 157 868 336 412 491 969 208 256 448 262 207 909 920 327 930 730 384 783 699 723 912 956 361 734 256 159 625 754 316 339 7 865 563 977 467 787 966 90 810 681 374 899 67 865 257 181 121 351 216 711 985 661 699 125 328 227 907 515 25 757 967 585 727 372 53 677 705 988 317 125 559 328 130 381 624 272 391 92 315 664 355 883 43 578 756 829 690 86 773 811 141 930 724 707 826 147 272
114 703 639 285 701 715 836 453 498 265 142 212 471 894 583 538 460 961 122 649 176 806 476 787 254 554 820 757 501 460 711 82 401 446 697 237 600 275 560 645 574 632 852 786 954 218 411 64 971 876 864 803 347 640 638 78 513 603 962 925 436 414 359 812 475 268 685 197 648 278 353 395 382 190 448 944 357 492 682 169 286 130 657 660 594 191 790 910 758 92 304 495 722 86 128 761 196 117 194 128 842 353 583 837 309 67 207 130 866 868 238 655 846 660 262 90 505 164 272 864 947 240 900 112 631 727 8 950 704 72 623 469 739 509 414 865 773 126 436 499 483 813 576 761 135 629 214 45 514 891
950 286 370 886 825 22 71 918 398 120 15 111 167 911 85 191 325 694 885 294 531 252 728 711 430 291 420 331 937 464 653 503 863 970 441 942 370 538 407 315 823 987 882 125 71 433 706 576 890 680 366 146 280 242 576 734 608 997 713 323 112 436 569 356 122 95 731 101 464 759 529 628 897 735 889 186 114 583 631 117 797 376 712 732 423 811 663 940 79 189 8 822 303 603 775 703 63 418 263 788 357 542 176 860 530 780 810 66 356 12 486 348 126 852 610 650 455 886 725 645 313 631 760 344 817 818 165 616 642 709 52 362 552 724 508 788 395 757 207 999 130 253 122 923 872 250 598 386 679 327
300 25 862 648 603 596 823 52 770 159 84 442 894 577 982 585 926 703 636 780 287 699 287 756 502 920 719 608 989 887 519 519 670 982 202 517 339 618 724 555 767 813 790 731 403 279 445 576 140 393 833 942 0 630 687 168 831 387 64 917 24 386 66 217 57 246 819 82 157 175 775 256 736 142 476 520 308 365 282 281 499 378 209 60 396 520 942 869 944 143 298 432 303 493 895 642 75 750 544 639 116 398 945 428 174 728 579 21 988 982 310 643 554 397 100 686 222 125 411 748 937 819 318 243 432 511 108 824 420 224 141 52 868 677 42 588 249 329 906 404 261 987 1000 427 882 142 661 348 781 251
444 242 51 161 311 85 952 22 652 195 817 66 145 140 639 798 80 661 810 314 530 733 430 646 907 948 158 244 826 56 27 17 871 615 810 578 778 399 497 720 864 443 221 449 947 295 454 340 895 382 645 332 946 154 565 594 354 32 477 508 527 54 929 372 747 487 395 938 803 648 212 477 284 593 259 682 131 361 618 315 9 957 994 231 459 338 50 31 363 245 922 396 148 818 58 862 350 624 289 614 580 880 417 688 709 362 929 817 64 758 440 58 761 964 300 236 849 165 372 185 832 354 389 770 246 307 455 647 416 963 155 787 191 541 522 837 496 750 540 516 730 862 212 372 662 520 228 371 254 665
154 8 965 52 657 868 505 469 721 769 638 897 969 991 627 542 191 333 119 886 919 155 815 627 436 915 21 682 915 127 332 204 455 136 960 926 706 544 949 985 377 663 407 809 406 910 59 566 760 590 979 118 847 189 48 461 303 843 810 100 481 392 656 925 304 90 930 677 295 754 408 271 466 932 804 851 473 424 372 636 899 351 451 368 763 760 789 357 419 705 782 938 791 619 360 435 492 731 90 589 779 291 227 739 402 354 848 979 394 917 928 929 528 271 197 716 705 554 859 263 784 581 840 14 460 251 43 744 610 965 190 250 178 768 230 281 76 159 982 231 742 810 599 835 984 744 719 247 508 920
633 711 16 476 657 221 115 392 920 454 341 694 186 523 503 854 928 35 207 538 822 268 824 369 38 276 432 984 164 155 251 221 377 691 835 958 539 178 903 733 213 195 0 25 179 762 327 763 984 379 944 409 147 143 311 753 205 267 534 352 383 73 955 454 830 780 783 54 551 137 243 721 810 319 326 721 594 282 602 985 924 181 718 442 147 347 132 303 137 727 363 937 230 680 523 99 44 515 207 389 877 143 850 983 156 832 516 903 607 83 735 272 99 304 348 316 907 80 595 102 981 545 565 384 124 539 944 240 475 21 485 577 442 439 976 2 413 585 520 8 830 818 905 878 901 355 390 241 159 793
778 763 255 896 778 975 856 193 732 920 310 888 503 866 782 123 932 36 849 714 580 995 240 7 639 35 213 684 743 725 271 960 162 482 389 800 296 954 633 514 631 748 64 290 383 24 157 57 841 294 489 327 19 790 361 517 630 700 138 639 495 584 491 117 516 333 486 937 983 108 399 289 551 770 411 372 459 489 927 26 648 353 21 444 284 0 692 273 809 530 945 64 34 218 439 147 24 821 353 711 438 601 380 73 774 566 272 867 508 750 160 137 378 840 942 180 231 862 387 231 667 124 289 51 396 123 854 804 682 670 774 564 411 45 895 282 393 624 152 975 224 998 511 488 648 344 953 194 671 447
192 600 824 506 675 943 865 657 582 498 914 883 31 537 469 836 408 532 11 938 731 491 948 10 330 63 419 602 613 365 153 117 618 307 854 859 162 577 831 53 822 331 473 29 688 87 908 725 837 242 691 876 692 177 643 301 37 900 13 908 240 742 11 226 377 721 353 511 334 798 890 699 619 378 563 800 601 148 919 657 105 472 143 289 817 392 125 502 739 491 366 795 55 722 651 75 60 619 264 176 503 196 195 635 607 214 229 802 206 444 7 843 956 22 182 870 317 965 538 12 96 443 539 956 588 497 90 120 67 409 442 429 177 121 62 339 3 703 988 606 38 55 651 92 994 777 414 763 426 321
81 886 440 384 476 414 320 739 747 418 793 598 483 451 773 922 822 730 849 25 714 44 502 229 219 391 5 295 187 428 231 861 990 975 145 119 13 950 587 538 484 337 49 511 789 6 571 452 916 440 502 964 771 761 902 444 139 728 503 661 791 748 762 582 756 321 244 39 139 769 730 589 894 512 755 265 893 685 934 823 260 330 386 432 396 6 714 726 306 179 539 575 893 388 329 957 615 798 294 780 500 429 493 636 844 41 857 982 27 383 767 401 840 258 977 261 337 689 111 205 755 235 757 702 247 411 109 58 266 1000 501 121 163 11 670 154 261 950 519 262 949 41 229 62 564 92 47 227 732 667
738 938 566 376 696 259 632 130 984 941 854 385 81 157 621 543 10 294 176 884 549 908 7 628 693 689 367 980 163 337 243 305 732 964 42 908 352 871 46 228 621 254 192 671 884 693 52 670 362 63 13 72 80 884 467 375 962 925 565 865 425 358 443 263 2 621 112 32 978 653 163 109 822 133 246 468 256 903 834 582 74 772 125 531 500 546 78 265 725 173 452 251 458 603 449 551 752 112 4 187 140 566 17 516 98 316 856 179 166 243 291 180 648 717 592 509 633 106 901 765 277 850 158 223 660 960 803 821 252 314 157 617 30 2 959 385 513 519 717 136 565 607 717 509 631 121 253 201 170 353
369 810 475 881 750 709 693 174 607 921 868 843 384 202 10 640 841 962 768 67 604 993 8 727 621 417 771 324 1000 700 351 622 623 42 949 459 583 998 224 384 911 687 329 368 292 544 429 527 476 156 541 770 853 366 525 839 248 490 416 216 319 195 895 13 68 294 568 40 904 510 922 900 339 997 260 176 942 289 669 434 325 157 71 42 85 731 733 585 327 220 158 931 76 433 175 867 208 326 150 595 703 808 697 236 982 60 951 983 767 711 456 447 447 289 995 286 187 557 210 175 88 428 741 781 565 421 661 475 707 806 425 111 820 868 197 395 521 978 381 995 738 534 418 810 694 126 437 514 536 704
110 787 515 936 200 450 785 375 587 55 714 552 245 344 289 591 551 398 622 525 496 229 775 21 884 21 157 850 342 223 479 60 31 230 860 490 271 428 994 933 892 975 437 12 46 818 952 577 357 69 560 213 731 72 416 296 944 178 864 861 67 526 60 437 137 852 396 937 31 699 489 600 393 210 961 3 564 74 300 134 933 66 110 577 784 91 732 924 754 572 724 637 215 522 998 708 520 691 430 641 808 682 653 458 224 76 319 694 790 177 583 551 801 162 678 731 643 105 485 742 91 531 725 847 721 926 911 203 822 888 563 161 315 421 237 120 509 192 815 843 186 461 160 608 440 780 682 160 856 490
556 938 160 519 380 708 190 941 799 348 103 341 192 174 67 17 911 932 294 700 595 279 150 534 104 348 272 771 192 772 59 748 596 377 648 474 424 599 487 391 768 557 960 616 278 643 19 325 42 425 735 734 468 645 722 524 49 93 909 452 809 193 754 316 952 185 29 410 757 918 570 89 9 373 892 99 346 244 469 885 745 23 517 146 977 371 547 587 299 707 643 883 799 319 321 636 826 576 125 257 645 192 575 468 24 864 920 409 750 38 204 113 163 999 543 470 720 924 91 652 174 115 190 401 479 106 306 462 691 929 905 956 161 443 161 455 107 254 456 49 178 395 907 745 16 672 863 140 923 280
100 426 620 73 690 406 851 629 939 426 959 116 541 804 890 791 90 598 66 830 421 318 414 163 798 513 387 866 854 967 259 670 310 642 55 176 936 386 482 367 907 853 892 91 721 52 862 318 63 439 206 67 611 466 344 95 538 97 759 614 649 851 921 556 413 560 476 134 880 203 641 764 382 822 769 706 196 748 760 180 816 147 552 36 318 102 218 520 379 306 309 111 821 756 943 875 266 721 808 283 371 630 684 14 295 479 301 798 593 825 363 965 442 385 330 30 197 854 153 265 562 516 449 920 309 929 770 518 354 947 508 351 149 121 683 122 859 605 298 516 463 456 239 301 996 444 693 469 382 266
900 831 963 363 614 420 608 366 81 69 503 588 420 480 87 857 315 189 340 425 579 901 593 645 695 722 315 611 700 31 859 972 843 811 1000 678 300 519 185 537 860 789 839 28 875 486 686 18 993 971 91 671 140 713 560 68 972 775 116 804 541 51 77 85 267 567 774 675 358 601 175 350 716 849 0 434 40 381 815 323 247 667 819 902 572 512 532 173 690 379 330 439 14 158 828 870 865 153 478 392 533 735 301 379 456 821 607 758 529 136 709 804 368 975 106 56 721 989 334 523 546 441 685 564 260 170 349 639 487 485 35 378 251 124 58 322 904 407 959 985 249 701 207 846 277 385 197 278 604 538
743 387 262 708 549 229 729 233 704 917 164 764 9 634 664 816 146 734 975 431 8 636 506 266 250 463 673 730 10 971 578 93 47 590 776 885 13 115 417 214 397 843 356 151 746 796 935 649 147 984 994 67 572 521 352 785 622 835 405 981 417 113 750 205 857 607 694 990 230 410 338 343 238 833 463 690 775 578 782 465 458 484 270 332 785 736 195 736 940 87 116 294 770 827 646 366 151 904 981 968 999 932 255 101 465 480 588 477 460 459 265 556 471 155 915 815 820 917 649 141 903 326 119 313 670 184 122 595 592 536 911 551 605 507 657 369 110 720 540 88 901 624 832 373 3 149 913 665 846 739
631 833 780 915 535 716 998 276 533 262 72 992 264 364 904 599 982 811 618 230 96 250 74 145 598 478 979 815 449 826 241 669 724 971 159 10 674 5 182 522 147 173 529 285 770 293 662 178 101 520 713 94 510 761 244 431 896 749 357 919 472 524 54 966 769 807 934 347 673 569 731 236 807 893 993 304 804 86 138 853 43 912 520 704 271 665 603 906 61 833 316 117 521 1000 717 929 724 702 549 265 373 967 998 439 851 325 895 405 334 222 929 242 972 863 931 918 109 678 174 952 475 851 685 675 795 495 6 405 765 395 498 996 463 484 212 923 271 546 627 253 121 17 42 605 412 100 222 470 261 854
963 98 848 351 616 435 473 489 254 532 638 518 60 188 852 928 754 562 137 880 342 922 159 985 251 712 732 852 926 627 973 514 351 458 768 516 525 37 290 183 813 747 262 360 295 700 311 675 672 881 251 228 12 234 374 446 666 975 864 727 941 91 259 417 753 418 485 612 268 387 351 235 764 30 582 890 289 624 355 972 467 863 70 649 734 362 570 391 578 822 290 865 912 165 918 180 508 575 954 696 571 381 208 746 882 413 670 16 645 570 374 477 109 16 871 187 282 665 628 592 548 322 261 324 837 152 779 958 35 929 123 570 711 868 180 494 845 724 77 108 225 200 20 64 315 689 158 953 920 789
947 956 738 64 282 728 943 17 224 354 232 314 475 984 447 876 923 422 697 590 441 761 148 8 842 870 72 629 338 448 449 10 144 142 502 279 834 148 799 292 938 609 121 94 816 89 204 79 251 371 561 691 333 813 30 355 161 588 414 799 628 152 520 831 1 421 222 217 353 254 689 235 917 8 750 99 316 147 498 517 212 65 600 256 361 610 475 748 217 18 442 439 223 343 187 820 658 782 395 778 459 699 225 236 736 568 343 811 800 476 618 564 401 350 228 820 526 526 821 372 544 868 603 385 713 183 710 713 62 294 969 378 433 767 221 474 46 946 700 804 285 661 561 151 539 673 574 217 822 725
133 877 603 795 210 625 742 42 614 754 662 720 930 85 945 258 806 825 343 625 844 435 776 4 207 235 290 826 192 841 85 181 448 406 672 709 222 116 931 84 995 290 354 373 139 991 27 637 792 19 969 329 922 779 298 234 755 516 334 921 23 136 105 945 262 879 975 317 263 848 34 87 71 618 683 228 423 834 310 418 297 48 374 698 355 818 192 453 397 407 688 635 609 357 970 658 281 521 66 924 898 157 365 530 995 76 280 282 905 881 490 812 613 822 628 211 235 883 655 346 256 261 276 689 553 564 668 320 406 653 468 476 160 288 450 918 904 392 568 166 592 49 65 614 314 75 173 360 979 336
524 633 563 829 753 588 229 875 950 308 985 716 548 864 321 208 950 361 226 276 702 2 219 286 308 347 640 526 839 69 219 517 325 775 84 990 573 601 751 970 419 640 297 557 658 467 920 673 824 406 242 264 765 518 330 189 495 654 102 284 94 373 967 923 555 923 811 712 312 1000 175 837 893 493 304 960 517 953 30 534 745 115 883 817 220 401 613 888 383 938 356 504 565 333 996 653 227 128 881 281 242 545 972 775 1000 968 639 428 842 322 795 310 763 392 788 659 601 918 491 165 939 251 321 296 783 217 505 96 659 794 762 765 146 220 727 649 37 109 847 218 234 213 191 994 221 562 615 378 459 765
961 839 313 446 547 884 202 917 9 868 511 377 687 731 395 216 114 383 69 168 885 621 315 443 59 118 923 204 589 270 565 185 673 382 71 556 830 6 455 624 494 997 80 347 328 221 265 167 100 719 282 123 859 492 104 807 378 72 543 228 312 427 346 327 273 801 671 442 85 582 861 751 810 369 837 386 732 972 514 637 407 210 584 442 21 35 660 127 786 659 294 201 821 92 591 855 992 763 185 684 463 612 183 106 327 412 215 843 498 877 196 855 227 480 461 102 10 840 957 553 357 914 844 934 887 244 390 807 473 970 288 723 715 336 642 314 833 33 658 441 211 714 739 698 184 717 76 855 348 151
22 105 628 165 478 298 575 451 336 709 870 785 473 251 814 646 171 491 677 813 897 230 118 111 259 930 543 427 627 744 177 415 322 473 867 350 515 320 50 959 967 933 176 109 536 854 825 736 926 164 179 433 503 788 65 771 140 683 672 439 941 870 259 53 393 67 602 576 972 497 633 36 464 306 816 508 302 903 17 10 41 449 272 379 669 679 672 931 850 196 757 147 334 409 217 498 723 312 395 935 480 385 100 576 599 976 477 585 605 694 238 249 646 467 402 869 255 155 765 92 9 801 764 20 710 878 26 471 891 197 867 566 448 421 248 931 927 515 201 608 507 844 528 4 113 24 680 40 74 113
